Initial Board:
5 3 8 1 9 6 6 4 2 5 
1 6 5 9 2 2 5 6 1 1 
* 2 7 7 5 2 4 4 9 9 
2 8 4 8 3 1 3 3 5 3 
1 8 8 8 5 5 2 6 2 7 
1 9 6 5 8 4 7 1 8 2 
1 9 7 7 3 5 1 4 8 8 
1 7 1 1 1 2 7 1 9 6 
8 9 6 5 6 6 1 7 8 5 
3 3 2 7 2 9 1 1 5 9 

Step 1:
5 3 8 1 9 6 6 4 2 5 
* 6 5 9 2 2 5 6 1 1 
  2 7 7 5 2 4 4 9 9 
2 8 4 8 3 1 3 3 5 3 
1 8 8 8 5 5 2 6 2 7 
1 9 6 5 8 4 7 1 8 2 
1 9 7 7 3 5 1 4 8 8 
1 7 1 1 1 2 7 1 9 6 
8 9 6 5 6 6 1 7 8 5 
3 3 2 7 2 9 1 1 5 9 

Step 2:
5 3 8 1 9 6 6 4 2 5 
            * 6 1 1 
  2 7 7 5 2 4 4 9 9 
2 8 4 8 3 1 3 3 5 3 
1 8 8 8 5 5 2 6 2 7 
1 9 6 5 8 4 7 1 8 2 
1 9 7 7 3 5 1 4 8 8 
1 7 1 1 1 2 7 1 9 6 
8 9 6 5 6 6 1 7 8 5 
3 3 2 7 2 9 1 1 5 9 

Step 3:
5 3 8 1 9 6 6 4 2 5 
              6 1 1 
  2 7 7 5 2   4 9 9 
2 8 4 8 3 1   3 5 3 
1 8 8 8 5 5   6 2 7 
1 9 6 5 8 4 * 1 8 2 
1 9 7 7 3 5 1 4 8 8 
1 7 1 1 1 2 7 1 9 6 
8 9 6 5 6 6 1 7 8 5 
3 3 2 7 2 9 1 1 5 9 

Step 4:
5 3 8 1 9 6 6 4 2 5 
              6 1 1 
  2 7 7 5 2   4 9 9 
2 8 4 8 3 1   3 5 3 
1 8 8 8 5 5   6 2 7 
1 9 6 5 8 4   1 8 2 
1 9 7 7 3 5 * 4 8 8 
1 7 1 1 1 2 7 1 9 6 
8 9 6 5 6 6 1 7 8 5 
3 3 2 7 2 9 1 1 5 9 

Step 5:
5 3 8 1 9 6 6 4 2 5 
              6 1 1 
  2 7 7 5 2   4 9 9 
2 8 4 8 3 1   3 5 3 
1 8 8 8 5 5   6 2 7 
1 9 6 5 8 4   1 8 2 
1 *           4 8 8 
1 7 1 1 1 2 7 1 9 6 
8 9 6 5 6 6 1 7 8 5 
3 3 2 7 2 9 1 1 5 9 

Step 6:
5 3 8 1 9 6 6 4 2 5 
              6 1 1 
  2 7 7 5 2   4 9 9 
2 8 4 8 3 1   3 5 3 
1 8 8 8 5 5   6 2 7 
1 9 6 5 8 4   1 8 2 
*             4 8 8 
1 7 1 1 1 2 7 1 9 6 
8 9 6 5 6 6 1 7 8 5 
3 3 2 7 2 9 1 1 5 9 

Step 7:
5 3 8 1 9 6 6 4 2 5 
              6 1 1 
  2 7 7 5 2   4 9 9 
2 8 4 8 3 1   3 5 3 
1 8 8 8 5 5   6 2 7 
* 9 6 5 8 4   1 8 2 
              4 8 8 
1 7 1 1 1 2 7 1 9 6 
8 9 6 5 6 6 1 7 8 5 
3 3 2 7 2 9 1 1 5 9 

Step 8:
5 3 8 1 9 6 6 4 2 5 
              6 1 1 
  2 7 7 5 2   4 9 9 
2 8 4 8 3 1   3 5 3 
* 8 8 8 5 5   6 2 7 
  9 6 5 8 4   1 8 2 
              4 8 8 
1 7 1 1 1 2 7 1 9 6 
8 9 6 5 6 6 1 7 8 5 
3 3 2 7 2 9 1 1 5 9 

