Initial Board:
6 7 2 8 4 2 1 2 9 5 
5 7 4 3 7 2 6 4 5 4 
7 9 3 9 9 2 6 6 3 3 
3 8 5 3 1 1 7 2 3 1 
7 1 8 6 9 5 7 9 6 7 
7 5 7 8 3 9 4 3 7 4 
9 1 9 9 1 3 3 7 8 8 
* 9 1 1 9 4 6 7 7 9 
9 3 3 8 5 4 7 9 8 1 
3 4 7 3 1 1 3 5 2 4 

Step 1:
6 7 2 8 4 2 1 2 9 5 
5 7 4 3 7 2 6 4 5 4 
7 9 3 9 9 2 6 6 3 3 
3 8 5 3 1 1 7 2 3 1 
7 1 8 6 9 5 7 9 6 7 
7 5 7 8 3 9 4 3 7 4 
9 * 9 9 1 3 3 7 8 8 
  9 1 1 9 4 6 7 7 9 
9 3 3 8 5 4 7 9 8 1 
3 4 7 3 1 1 3 5 2 4 

Step 2:
6 7 2 8 4 2 1 2 9 5 
5 * 4 3 7 2 6 4 5 4 
7   3 9 9 2 6 6 3 3 
3   5 3 1 1 7 2 3 1 
7   8 6 9 5 7 9 6 7 
7   7 8 3 9 4 3 7 4 
9   9 9 1 3 3 7 8 8 
  9 1 1 9 4 6 7 7 9 
9 3 3 8 5 4 7 9 8 1 
3 4 7 3 1 1 3 5 2 4 

Step 3:
6 7 2 8 4 2 1 2 9 5 
5   4 3 7 2 6 4 5 4 
7     9 9 2 6 6 3 3 
3   5   1 1 7 2 3 1 
7   8 6 * 5 7 9 6 7 
7   7 8 3 9 4 3 7 4 
9   9 9 1 3 3 7 8 8 
  9 1 1 9 4 6 7 7 9 
9 3 3 8 5 4 7 9 8 1 
3 4 7 3 1 1 3 5 2 4 

Step 4:
6 7 2 8 4 2 1 2 9 5 
5   4 3 7 2 6 4 5 4 
7     9 9 2 6 6 3 3 
3   5   1 * 7 2 3 1 
7   8 6   5 7 9 6 7 
7   7 8 3 9 4 3 7 4 
9   9 9 1 3 3 7 8 8 
  9 1 1 9 4 6 7 7 9 
9 3 3 8 5 4 7 9 8 1 
3 4 7 3 1 1 3 5 2 4 

Step 5:
6 7 2 8 4 2 1 2 9 5 
5   4 3 7 * 6 4 5 4 
7     9 9   6 6 3 3 
3   5   1   7 2 3 1 
7   8 6   5 7 9 6 7 
7   7 8 3 9 4 3 7 4 
9   9 9 1 3 3 7 8 8 
  9 1 1 9 4 6 7 7 9 
9 3 3 8 5 4 7 9 8 1 
3 4 7 3 1 1 3 5 2 4 

Step 6:
6 7 2 8 4 2 * 2 9 5 
5   4 3 7   6 4 5 4 
7     9 9   6 6 3 3 
3   5   1   7 2 3 1 
7   8 6   5 7 9 6 7 
7   7 8 3 9 4 3 7 4 
9   9 9 1 3 3 7 8 8 
  9 1 1 9 4 6 7 7 9 
9 3 3 8 5 4 7 9 8 1 
3 4 7 3 1 1 3 5 2 4 

Step 7:
6 7 2 8 4 2   2 9 5 
5   4 3 7     4 5 4 
7     9 9     6 3 3 
3   5   1     2 3 1 
7   8 6   5   9 6 7 
7   7 8 3 9   3 7 4 
9   9 9 1 3 * 7 8 8 
  9 1 1 9 4 6 7 7 9 
9 3 3 8 5 4 7 9 8 1 
3 4 7 3 1 1 3 5 2 4 

Step 8:
6 7 2 8 4 2   2 9 5 
5   4 3 7     4 5 4 
7     9 9     6 3 3 
3   5   1     2 3 * 
7   8 6   5   9   7 
7   7 8 3 9     7 4 
9   9 9 1 3   7 8 8 
  9 1 1 9 4 6 7 7 9 
9 3 3 8 5 4 7 9 8 1 
3 4 7 3 1 1 3 5 2 4 

Step 9:
6 7 2 8 4 2   2 9 * 
5   4 3 7     4 5   
7     9 9     6 3   
3   5   1     2 3   
7   8 6   5   9   7 
7   7 8 3 9     7 4 
9   9 9 1 3   7 8 8 
  9 1 1 9 4 6 7 7 9 
9 3 3 8 5 4 7 9 8 1 
3 4 7 3 1 1 3 5 2 4 

