Initial Board:
6 1 1 7 5 6 6 3 7 8 
9 7 5 1 8 1 3 9 9 4 
9 * 7 4 6 9 3 5 3 9 
5 6 8 1 9 3 1 2 5 6 
2 8 4 2 2 8 9 1 6 2 
1 2 2 5 4 1 8 3 9 5 
7 2 2 4 8 6 1 5 2 9 
8 5 1 8 4 3 5 9 2 9 
4 4 4 3 8 5 8 6 6 1 
2 5 3 8 2 3 1 5 3 5 

Step 1:
6 1 1 7 5 6 6 3 7 8 
9 7 5 1 8 1 3 9 9 4 
9   7 4 6 9 3 5 3 9 
5   8 1 9 3 1 2 5 6 
2   4 2 2 8 9 1 6 2 
1   2 5 4 1 8 3 9 5 
7   2 4 8 6 1 5 2 9 
8   1 8 4 3 5 9 2 9 
4 * 4 3 8 5 8 6 6 1 
2 5 3 8 2 3 1 5 3 5 

Step 2:
6 1 1 7 5 6 6 3 7 8 
9 7 5 1 8 1 3 9 9 4 
9   7 4 6 9 3 5 3 9 
5   8 1 9 3 1 2 5 6 
2   4 2 2 8 9 1 6 2 
1   2 5 4 1 8 3 9 5 
7   2 4 8 6 1 5 2 9 
8   1 8 4 3 5 9 2 9 
4         * 8 6 6 1 
2 5 3 8 2 3 1 5 3 5 

Step 3:
6 1 1 7 5 6 6 3 7 8 
9 7 5 1 8 1 3 9 9 4 
9   7 4 6 9 3 5 3 9 
5   8 1 9 3 1 2 5 6 
2   4 2 2 8 9 1 6 2 
1   2 5 4 * 8 3 9 5 
7   2 4 8   1 5 2 9 
8   1 8 4   5 9 2 9 
4           8 6 6 1 
2 5 3 8 2 3 1 5 3 5 

