Initial Board:
8 1 5 2 1 6 * 9 7 5 
1 9 5 5 2 3 5 2 5 3 
9 2 8 4 8 7 1 1 8 3 
1 7 5 8 1 7 4 5 2 4 
9 4 8 2 3 7 2 9 2 4 
4 9 6 7 6 6 5 6 5 4 
6 1 7 4 7 7 3 8 9 9 
8 8 4 8 6 9 6 8 6 4 
1 6 3 3 1 6 5 2 8 9 
7 5 3 5 7 6 9 2 7 6 

Step 1:
*             9 7 5 
1 9 5 5 2 3 5 2 5 3 
9 2 8 4 8 7 1 1 8 3 
1 7 5 8 1 7 4 5 2 4 
9 4 8 2 3 7 2 9 2 4 
4 9 6 7 6 6 5 6 5 4 
6 1 7 4 7 7 3 8 9 9 
8 8 4 8 6 9 6 8 6 4 
1 6 3 3 1 6 5 2 8 9 
7 5 3 5 7 6 9 2 7 6 

Step 2:
              9 7 5 
* 9 5 5 2 3 5 2 5 3 
9 2 8 4 8 7 1 1 8 3 
1 7 5 8 1 7 4 5 2 4 
9 4 8 2 3 7 2 9 2 4 
4 9 6 7 6 6 5 6 5 4 
6 1 7 4 7 7 3 8 9 9 
8 8 4 8 6 9 6 8 6 4 
1 6 3 3 1 6 5 2 8 9 
7 5 3 5 7 6 9 2 7 6 

Step 3:
              9 7 5 
                  * 
9 2 8 4 8 7 1 1 8 3 
1 7 5 8 1 7 4 5 2 4 
9 4 8 2 3 7 2 9 2 4 
4 9 6 7 6 6 5 6 5 4 
6 1 7 4 7 7 3 8 9 9 
8 8 4 8 6 9 6 8 6 4 
1 6 3 3 1 6 5 2 8 9 
7 5 3 5 7 6 9 2 7 6 

Step 4:
              9 7 5 
                    
9 2 8 4 8 7 1 1   3 
1 7 5 8 1 7 4   2 4 
9 4 8 2 3 7   9 2 4 
4 9 6 7 6   5 6 5 4 
6 1 7 4   7 3 8 9 9 
8 8 4   6 9 6 8 6 4 
1 6   3 1 6 5 2 8 9 
7 * 3 5 7 6 9 2 7 6 

Step 5:
              9 7 5 
                    
9 2 8 4 8 7 1 1   3 
1 * 5 8 1 7 4   2 4 
9   8 2 3 7   9 2 4 
4   6 7 6   5 6 5 4 
6   7 4   7 3 8 9 9 
8   4   6 9 6 8 6 4 
1     3 1 6 5 2 8 9 
7   3 5 7 6 9 2 7 6 

Step 6:
              9 7 5 
                    
9 2 8 4 8 7 1 1   3 
1           *   2 4 
9   8 2 3 7   9 2 4 
4   6 7 6   5 6 5 4 
6   7 4   7 3 8 9 9 
8   4   6 9 6 8 6 4 
1     3 1 6 5 2 8 9 
7   3 5 7 6 9 2 7 6 

Step 7:
              9 7 5 
                    
9 2 8 4 8 7 * 1   3 
1               2 4 
9   8 2 3 7   9 2 4 
4   6 7 6   5 6 5 4 
6   7 4   7 3 8 9 9 
8   4   6 9 6 8 6 4 
1     3 1 6 5 2 8 9 
7   3 5 7 6 9 2 7 6 

Step 8:
              9 7 5 
                    
9 2 8 4 8 7   *   3 
1               2 4 
9   8 2 3 7   9 2 4 
4   6 7 6   5 6 5 4 
6   7 4   7 3 8 9 9 
8   4   6 9 6 8 6 4 
1     3 1 6 5 2 8 9 
7   3 5 7 6 9 2 7 6 

Step 9:
              9 7 5 
                    
9 2 8 4 8 7       3 
1                 4 
9   8 2 3 7   9 2 * 
4   6 7 6   5 6 5 4 
6   7 4   7 3 8 9 9 
8   4   6 9 6 8 6 4 
1     3 1 6 5 2 8 9 
7   3 5 7 6 9 2 7 6 

Step 10:
              9 7 5 
                    
9 2 8 4 8 7       3 
1                 4 
9   8 2 3 7   *     
4   6 7 6   5 6 5 4 
6   7 4   7 3 8 9 9 
8   4   6 9 6 8 6 4 
1     3 1 6 5 2 8 9 
7   3 5 7 6 9 2 7 6 

Step 11:
              9 7 5 
                    
9 2 8 4 8 7       3 
1                 4 
9   8 2 3 7         
4   6 7 6     6 5 4 
6   7 4     3 8 9 9 
8   4     9 6 8 6 4 
1       1 6 5 2 8 9 
7   * 5 7 6 9 2 7 6 

Step 12:
              9 7 5 
                    
9 2 8 4 8 7       3 
1                 4 
9   8 2 3 7         
4   6 7 6     6 5 4 
6   7 4     3 8 9 9 
8   4     9 6 8 6 4 
1       1 6 5 2 8 9 
7             * 7 6 

Step 13:
              9 7 5 
                    
9 2 8 4 8 7       3 
1                 4 
9   8 2 3 7         
4   6 7 6     6 5 4 
6   7 4     3 8 9 9 
8   4     9 6 * 6 4 
1       1 6 5   8 9 
7               7 6 

