Initial Board:
7 1 5 9 8 6 6 7 6 8 
7 9 7 2 4 5 9 9 7 9 
7 7 5 6 2 1 9 7 6 * 
3 4 2 7 3 1 1 5 3 5 
9 3 9 2 3 5 9 4 4 6 
4 2 1 1 1 8 9 6 2 6 
2 5 3 3 4 7 1 3 6 4 
5 2 7 6 6 4 5 2 7 4 
6 7 5 6 7 5 8 4 2 7 
9 5 9 4 1 1 5 3 9 5 

Step 1:
7 1 5 9 8 6 6 7 6 8 
7 9 7 2 4 5 9 9 7 9 
7 7 5 6 2 1 9 7 6   
3 4 2 7 3 1 1 5 3   
9 3 9 2 3 5 9 4 4   
4 2 1 1 1 8 9 6 2   
2 5 3 3 4 7 1 3 6   
5 2 7 6 6 4 5 2 7 * 
6 7 5 6 7 5 8 4 2 7 
9 5 9 4 1 1 5 3 9 5 

Step 2:
7 1 5 9 8 6 6 7 6 8 
7 9 7 2 4 5 9 9 7 9 
7 7 5 6 2 1 9 7 6   
3 4 2 7 3 1 1 5 3   
9 3 9 2 3 5 9 4 4   
4 2 1 1 1 8 9 6 2   
2 5 3 3 4 7 1 3 6   
5 2 *               
6 7 5 6 7 5 8 4 2 7 
9 5 9 4 1 1 5 3 9 5 

Step 3:
7 1 5 9 8 6 6 7 6 8 
7 9 7 2 4 5 9 9 7 9 
7 7 5 6 2 1 9 7 6   
3 4 2 7 3 1 1 5 3   
9 3 9 2 3 * 9 4 4   
4 2 1 1   8 9 6 2   
2 5 3   4 7 1 3 6   
5 2                 
6 7 5 6 7 5 8 4 2 7 
9 5 9 4 1 1 5 3 9 5 

Step 4:
7 1 5 9 8 6 6 7 6 8 
7 9 7 2 4 5 9 9 7 9 
7 7 5 6 2 1 9 7 6   
3 4 2 7 3 1 * 5 3   
9 3 9 2 3   9 4 4   
4 2 1 1   8 9 6 2   
2 5 3   4 7 1 3 6   
5 2                 
6 7 5 6 7 5 8 4 2 7 
9 5 9 4 1 1 5 3 9 5 

Step 5:
7 1 5 9 8 6 6 7 6 8 
7 9 7 2 4 5 9 9 7 9 
7 7 5 6 2 1 9 7 6   
3 4 2 7 3 *   5 3   
9 3 9 2 3   9 4 4   
4 2 1 1   8 9 6 2   
2 5 3   4 7 1 3 6   
5 2                 
6 7 5 6 7 5 8 4 2 7 
9 5 9 4 1 1 5 3 9 5 

Step 6:
7 1 5 9 8 6 6 7 6 8 
7 9 7 2 4 5 9 9 7 9 
7 7 5 6 2 1 9 7 6   
3 4 2 7 3     5 3   
9 3 9 2     9 4 4   
4 2 1     8 9 6 2   
2 5 *   4 7 1 3 6   
5 2                 
6 7 5 6 7 5 8 4 2 7 
9 5 9 4 1 1 5 3 9 5 

Step 7:
7 1 5 9 8 6 6 7 6 8 
7 9 7 2 4 5 9 9 7 9 
7 7 5 6 2 1 9 7 6   
3 4 2 7 3     5 3   
9 3 9 2     9 4 4   
4 2 1     8 9 6 2   
2 5     4 7 1 3 6   
5                   
* 7 5 6 7 5 8 4 2 7 
9 5 9 4 1 1 5 3 9 5 

Step 8:
7 1 5 9 8 6 6 7 6 8 
7 9 7 2 4 5 9 9 7 9 
7 7 5 6 2 1 9 7 6   
* 4 2 7 3     5 3   
  3 9 2     9 4 4   
  2 1     8 9 6 2   
  5     4 7 1 3 6   
                    
  7 5 6 7 5 8 4 2 7 
9 5 9 4 1 1 5 3 9 5 

Step 9:
7 1 5 9 8 6 6 7 6 8 
7 9 7 2 4 5 9 9 7 9 
7 7 5 6 2 1 9 7 6   
        *     5 3   
  3 9 2     9 4 4   
  2 1     8 9 6 2   
  5     4 7 1 3 6   
                    
  7 5 6 7 5 8 4 2 7 
9 5 9 4 1 1 5 3 9 5 

Step 10:
7 1 5 9 8 6 6 7 6 8 
7 9 7 2 * 5 9 9 7 9 
7 7 5 6   1 9 7 6   
              5 3   
  3 9 2     9 4 4   
  2 1     8 9 6 2   
  5     4 7 1 3 6   
                    
  7 5 6 7 5 8 4 2 7 
9 5 9 4 1 1 5 3 9 5 

Step 11:
7 1 5 9 8 6 6 7 6 8 
7 9 *     5 9 9 7 9 
7 7 5 6   1 9 7 6   
              5 3   
  3 9 2     9 4 4   
  2 1     8 9 6 2   
  5     4 7 1 3 6   
                    
  7 5 6 7 5 8 4 2 7 
9 5 9 4 1 1 5 3 9 5 

Step 12:
7 * 5 9 8 6 6 7 6 8 
7 9       5 9 9 7 9 
7 7 5 6   1 9 7 6   
              5 3   
  3 9 2     9 4 4   
  2 1     8 9 6 2   
  5     4 7 1 3 6   
                    
  7 5 6 7 5 8 4 2 7 
9 5 9 4 1 1 5 3 9 5 

Step 13:
7           * 7 6 8 
7 9       5 9 9 7 9 
7 7 5 6   1 9 7 6   
              5 3   
  3 9 2     9 4 4   
  2 1     8 9 6 2   
  5     4 7 1 3 6   
                    
  7 5 6 7 5 8 4 2 7 
9 5 9 4 1 1 5 3 9 5 

