Initial Board:
4 5 5 6 3 9 9 8 3 4 
2 5 1 7 4 5 9 2 8 2 
5 6 9 4 8 3 8 4 6 1 
9 9 5 1 2 7 1 8 9 2 
5 7 4 5 7 8 8 8 9 8 
5 3 7 1 8 5 7 8 5 9 
* 9 9 4 7 6 9 3 2 9 
5 5 2 1 8 9 9 1 4 3 
3 7 5 7 9 4 5 7 9 2 
2 4 8 4 1 5 5 1 4 2 

Step 1:
4 5 5 6 3 9 9 8 3 4 
* 5 1 7 4 5 9 2 8 2 
  6 9 4 8 3 8 4 6 1 
  9 5 1 2 7 1 8 9 2 
  7 4 5 7 8 8 8 9 8 
  3 7 1 8 5 7 8 5 9 
  9 9 4 7 6 9 3 2 9 
5 5 2 1 8 9 9 1 4 3 
3 7 5 7 9 4 5 7 9 2 
2 4 8 4 1 5 5 1 4 2 

Step 2:
4 5 5 6 3 9 9 8 3 4 
  5 1 7 4 5 9 2 8 2 
    9 4 8 3 8 4 6 1 
  9   1 2 7 1 8 9 2 
  7 4   7 8 8 8 9 8 
  3 7 1   5 7 8 5 9 
  9 9 4 7   9 3 2 9 
5 5 2 1 8 9 * 1 4 3 
3 7 5 7 9 4 5 7 9 2 
2 4 8 4 1 5 5 1 4 2 

Step 3:
4 5 5 6 3 9 9 8 3 4 
  5 1 7 4 5 9 2 8 2 
    9 4 8 3 8 4 6 1 
  9   1 2 7 1 8 9 2 
  7 4   7 8 8 8 9 * 
  3 7 1   5 7 8   9 
  9 9 4 7   9   2 9 
5 5 2 1 8 9   1 4 3 
3 7 5 7 9 4 5 7 9 2 
2 4 8 4 1 5 5 1 4 2 

Step 4:
4 5 5 6 3 9 9 8 3 4 
  5 1 7 4 5 9 2 8 2 
    9 4 8 3 8 4 6 * 
  9   1 2 7 1 8 9   
  7 4   7 8 8 8 9   
  3 7 1   5 7 8   9 
  9 9 4 7   9   2 9 
5 5 2 1 8 9   1 4 3 
3 7 5 7 9 4 5 7 9 2 
2 4 8 4 1 5 5 1 4 2 

Step 5:
4 5 5 6 3 9 9 8 3 * 
  5 1 7 4 5 9 2 8   
    9 4 8 3 8 4 6   
  9   1 2 7 1 8 9   
  7 4   7 8 8 8 9   
  3 7 1   5 7 8   9 
  9 9 4 7   9   2 9 
5 5 2 1 8 9   1 4 3 
3 7 5 7 9 4 5 7 9 2 
2 4 8 4 1 5 5 1 4 2 

Step 6:
4 5 5 6 3 9 *       
  5 1 7 4 5 9 2 8   
    9 4 8 3 8 4 6   
  9   1 2 7 1 8 9   
  7 4   7 8 8 8 9   
  3 7 1   5 7 8   9 
  9 9 4 7   9   2 9 
5 5 2 1 8 9   1 4 3 
3 7 5 7 9 4 5 7 9 2 
2 4 8 4 1 5 5 1 4 2 

Step 7:
4 5 5 6 3 9         
  5 1 7 4 5 9   8   
    9 4 8 3 8 4 *   
  9   1 2 7 1 8 9   
  7 4   7 8 8 8 9   
  3 7 1   5 7 8   9 
  9 9 4 7   9   2 9 
5 5 2 1 8 9   1 4 3 
3 7 5 7 9 4 5 7 9 2 
2 4 8 4 1 5 5 1 4 2 

Step 8:
4 5 5 6 3 9         
  5 1 7 4 5 9   8   
    9 4 *           
  9   1 2 7 1 8 9   
  7 4   7 8 8 8 9   
  3 7 1   5 7 8   9 
  9 9 4 7   9   2 9 
5 5 2 1 8 9   1 4 3 
3 7 5 7 9 4 5 7 9 2 
2 4 8 4 1 5 5 1 4 2 

Step 9:
4 5 5 6 3 9         
  5 1 7 4 5 9   8   
    9 4             
  9   1   7 1 8 9   
  7 4   * 8 8 8 9   
  3 7 1   5 7 8   9 
  9 9 4 7   9   2 9 
5 5 2 1 8 9   1 4 3 
3 7 5 7 9 4 5 7 9 2 
2 4 8 4 1 5 5 1 4 2 

Step 10:
4 5 5 6 3 9         
  5 1 7 4 5 9   8   
    9 4             
  9   1   7 1 8 9   
  7 4     8 8 8 9   
  3 7 *   5 7 8   9 
  9 9 4 7   9   2 9 
5 5 2 1 8 9   1 4 3 
3 7 5 7 9 4 5 7 9 2 
2 4 8 4 1 5 5 1 4 2 

Step 11:
4 5 5 6 3 9         
  5 1 7 4 5 9   8   
    9 4             
  9   1   7 1 8 9   
  7 4     8 8 8 9   
  3 7     5 7 8   9 
  9 9   7   9   2 9 
5 5 2   8 9   1 4 3 
3 7 5   9 4 5 7 9 2 
2 4 8 * 1 5 5 1 4 2 

Step 12:
4 5 5 6 3 9         
  5 1 7 4 5 9   8   
    9 4             
  9   1   7 1 8 9   
  7 4     8 8 8 9   
  3 7     5 7 8   9 
  9 9   7   9   2 9 
5 5 2   8 9   1 4 3 
3 7 5   9 4 5 7 9 2 
2 4 8   * 5 5 1 4 2 

Step 13:
4 5 5 6 3 9         
  5 1 7 4 5 9   8   
    9 4             
  9   1   7 1 8 9   
  7 4     8 8 8 9   
  3 7     5 7 8   9 
  9 9   7   9   2 9 
5 5 2   8 9   1 4 3 
3 7 5   9 4 5 7 9 2 
2 4 8             * 

Step 14:
4 5 5 6 3 9         
  5 1 7 4 5 9   8   
    9 4             
  9   1   7 1 8 9   
  7 4     8 8 8 9   
  3 7     5 7 8   9 
  9 9   7   9   2 9 
5 5 2   8 9   1 4 * 
3 7 5   9 4 5 7 9   
2 4 8               

Step 15:
4 5 5 6 3 9         
  5 1 7 4 5 9   8   
    9 4             
  9   1   7 1 8 9   
  7 4     8 8 8 9   
  3 7     5 7 *   9 
  9 9   7   9     9 
5 5 2   8 9   1 4   
3 7 5   9 4 5 7 9   
2 4 8               

