Initial Board:
6 1 1 4 4 7 4 2 7 3 
5 4 9 7 * 5 2 4 9 6 
7 4 2 7 4 1 1 8 1 9 
5 5 6 9 9 2 7 3 7 9 
7 3 9 8 9 7 9 7 7 2 
8 4 5 9 9 4 2 2 8 1 
8 4 9 3 5 1 2 1 1 1 
2 5 4 9 1 7 9 7 7 2 
3 9 2 3 4 1 9 9 4 3 
5 5 2 9 1 2 7 2 3 3 

Step 1:
6 1 1 4 4 7 4 2 7 3 
5 4 9 7   5 2 4 9 6 
7 4 2 7 4 * 1 8 1 9 
5 5 6 9 9 2 7 3 7 9 
7 3 9 8 9 7 9 7 7 2 
8 4 5 9 9 4 2 2 8 1 
8 4 9 3 5 1 2 1 1 1 
2 5 4 9 1 7 9 7 7 2 
3 9 2 3 4 1 9 9 4 3 
5 5 2 9 1 2 7 2 3 3 

Step 2:
6 1 1 4 4 7 4 2 7 3 
5 4 9 7   5 2 4 9 6 
7 *         1 8 1 9 
5 5 6 9 9 2 7 3 7 9 
7 3 9 8 9 7 9 7 7 2 
8 4 5 9 9 4 2 2 8 1 
8 4 9 3 5 1 2 1 1 1 
2 5 4 9 1 7 9 7 7 2 
3 9 2 3 4 1 9 9 4 3 
5 5 2 9 1 2 7 2 3 3 

Step 3:
6 1 1 4 4 7 4 2 7 3 
5 4 9 7   5 2 4 9 6 
7           1 8 1 9 
5   6 9 9 2 7 3 7 9 
7   9 8 9 7 9 7 7 2 
8   5 9 9 4 2 2 8 1 
8   9 3 5 1 2 1 1 1 
2 * 4 9 1 7 9 7 7 2 
3 9 2 3 4 1 9 9 4 3 
5 5 2 9 1 2 7 2 3 3 

Step 4:
6 1 1 4 4 7 4 2 7 3 
5 4 9 7   5 2 4 9 6 
7           1 8 1 9 
5   6 9 9 2 7 3 7 9 
7   9 8 9 7 9 7 7 2 
8   5 9 9 4 2 2 8 1 
8   9 3 5 1 2 1 1 1 
2   4 9 1 7 9 7 7 2 
3 9   3 4 1 9 9 4 3 
5 5 2 * 1 2 7 2 3 3 

Step 5:
6 1 1 4 4 7 4 2 7 3 
5 4 9 7   5 2 4 9 6 
7           1 8 1 9 
5   6 9 9 2 7 3 7 9 
7   9 8 9 7 9 7 7 2 
8   5 9 9 4 2 2 8 1 
8   9 3 5 1 2 1 1 1 
2   4 9 1 7 9 7 7 2 
3 9   3 4 1 9 9 4 3 
5 5 2   * 2 7 2 3 3 

Step 6:
6 1 1 4 4 7 4 2 7 3 
5 4 9 7   5 2 4 9 6 
7           1 8 1 9 
5   6 9 9 2 7 3 7 9 
7   9 8 9 7 9 7 7 2 
8   5 9 * 4 2 2 8 1 
8   9 3   1 2 1 1 1 
2   4 9   7 9 7 7 2 
3 9   3   1 9 9 4 3 
5 5 2     2 7 2 3 3 

Step 7:
6 1 1 4 4 7 4 2 7 3 
5 4 9 7   5 2 4 9 6 
7           1 8 1 9 
5   6 9 9 2 7 3 7 9 
7   9 8 9 7 9 7 7 2 
8   5 9   4 2 2 8 1 
8   9 3   * 2 1 1 1 
2   4 9   7 9 7 7 2 
3 9   3   1 9 9 4 3 
5 5 2     2 7 2 3 3 

Step 8:
6 1 1 4 4 7 4 2 7 3 
5 4 9 7   5 2 4 9 6 
7           1 8 1 9 
5   6 9 9 2 7 3 7 9 
7   9 8 9 7 9 7 7 2 
8   5 9   4 2 2 8 1 
8   9 3       * 1 1 
2   4 9   7 9 7 7 2 
3 9   3   1 9 9 4 3 
5 5 2     2 7 2 3 3 

Step 9:
6 1 1 4 4 7 4 2 7 3 
5 4 9 7   5 2 4 9 6 
7           1 8 1 9 
5   6 9 9 2 7 3 7 9 
7   9 8 9 7 9 * 7 2 
8   5 9   4 2   8 1 
8   9 3         1 1 
2   4 9   7 9 7 7 2 
3 9   3   1 9 9 4 3 
5 5 2     2 7 2 3 3 

Step 10:
6 1 1 4 4 7 4 2 7 3 
5 4 9 7   5 2 * 9 6 
7           1   1 9 
5   6 9 9 2 7   7 9 
7   9 8 9 7 9   7 2 
8   5 9   4 2   8 1 
8   9 3         1 1 
2   4 9   7 9 7 7 2 
3 9   3   1 9 9 4 3 
5 5 2     2 7 2 3 3 

Step 11:
6 1 1 4 4 7 4 2 7 3 
5 4 9 7   5 2   9 6 
7           *   1 9 
5   6 9 9 2 7   7 9 
7   9 8 9 7 9   7 2 
8   5 9   4 2   8 1 
8   9 3         1 1 
2   4 9   7 9 7 7 2 
3 9   3   1 9 9 4 3 
5 5 2     2 7 2 3 3 

Step 12:
6 1 1 4 4 7 * 2 7 3 
5 4 9 7   5     9 6 
7               1 9 
5   6 9 9 2 7   7 9 
7   9 8 9 7 9   7 2 
8   5 9   4 2   8 1 
8   9 3         1 1 
2   4 9   7 9 7 7 2 
3 9   3   1 9 9 4 3 
5 5 2     2 7 2 3 3 

Step 13:
6 1 1 4 4 7     * 3 
5 4 9 7   5     9 6 
7               1 9 
5   6 9 9 2 7   7 9 
7   9 8 9 7 9   7 2 
8   5 9   4 2   8 1 
8   9 3         1 1 
2   4 9   7 9 7 7 2 
3 9   3   1 9 9 4 3 
5 5 2     2 7 2 3 3 

Step 14:
6 1 1 4 4 7       3 
5 4 9 7   5       6 
7                 9 
5   6 9 9 2 7     9 
7   9 8 9 7 9     2 
8   5 9   4 2     1 
8   9 3           1 
2   4 9   7 9 7   2 
3 9   3   1 9 9   3 
5 5 2     2 7 2 * 3 

Step 15:
6 1 1 4 4 7       3 
5 4 9 7   5       6 
7                 9 
5   6 9 9 2 7     9 
7   9 8 9 7 9     2 
8   5 9   4 2     1 
8   9 3           1 
2   4 9   7 9 7   2 
3 9   3   1 9 9   3 
5 5 2     2 *     3 

Step 16:
6 1 1 4 4 7       3 
5 4 9 7   5       6 
7                 9 
5   6 9 9 2 7     9 
7   9 8 9 7 9     2 
8   5 9   4 2     1 
8   9 3           1 
2   4 9   7 9 7   2 
3 9   3   * 9 9   3 
5 5 2     2       3 

