Initial Board:
8 1 9 5 4 4 1 2 3 2 
9 8 3 9 7 3 3 9 2 3 
3 2 8 5 2 3 6 7 9 5 
2 7 4 5 2 3 2 1 2 4 
2 4 2 8 7 4 6 4 9 7 
5 7 9 7 8 3 2 6 * 9 
2 4 6 9 7 1 8 7 2 8 
6 9 9 6 3 4 5 7 8 9 
5 6 2 7 4 8 3 9 1 3 
1 6 7 7 3 2 7 2 3 9 

Step 1:
8 1 9 5 4 4 1 2 3 2 
9 8 3 9 7 3 3 9 2 3 
3 2 8 5 2 3 6 7 9 5 
2 7 4 5 2 3 2 1 2 4 
2 4 2 8 7 4 6 4 9 7 
5 7 9 7 8 3 2 6   9 
2 4 6 9 7 1 8 7   8 
6 9 9 6 3 4 5 7 * 9 
5 6 2 7 4 8 3 9 1 3 
1 6 7 7 3 2 7 2 3 9 

Step 2:
8 1 9 5 4 4 1 2 3 2 
9 8 3 9 7 3 3 9 2 3 
3 2 8 5 2 3 6 7 9 5 
2 7 4 5 2 3 2 1 2 4 
2 4 2 8 7 4 6 4 9 7 
5 7 9 7 8 3 2 6   9 
2 4 6 9 7 1 8 7   8 
6 9 9 6 3 4 5 7   9 
5 6 2 7 4 8 3 9 * 3 
1 6 7 7 3 2 7 2 3 9 

Step 3:
8 1 9 5 4 4 1 2 3 2 
9 * 3 9 7 3 3 9 2 3 
3 2   5 2 3 6 7 9 5 
2 7 4   2 3 2 1 2 4 
2 4 2 8   4 6 4 9 7 
5 7 9 7 8   2 6   9 
2 4 6 9 7 1   7   8 
6 9 9 6 3 4 5     9 
5 6 2 7 4 8 3 9   3 
1 6 7 7 3 2 7 2 3 9 

