Initial Board:
1 1 9 1 9 3 8 3 5 9 
2 8 4 8 8 8 1 5 3 6 
9 3 6 9 1 1 7 9 3 6 
5 4 8 3 9 7 4 7 * 7 
9 3 5 3 1 5 8 1 5 9 
6 2 2 7 5 7 4 5 4 7 
6 7 6 2 4 7 9 2 4 2 
1 5 5 6 6 2 2 9 4 4 
9 1 7 9 7 3 8 4 9 5 
5 2 9 1 2 7 1 7 8 5 

Step 1:
1 1 9 1 9 3 8 3 * 9 
2 8 4 8 8 8 1 5   6 
9 3 6 9 1 1 7 9   6 
5 4 8 3 9 7 4 7   7 
9 3 5 3 1 5 8 1 5 9 
6 2 2 7 5 7 4 5 4 7 
6 7 6 2 4 7 9 2 4 2 
1 5 5 6 6 2 2 9 4 4 
9 1 7 9 7 3 8 4 9 5 
5 2 9 1 2 7 1 7 8 5 

Step 2:
1 1 9 1 9 3 8 3   9 
2 8 4 8 8 8 1     6 
9 3 6 9 1 1   9   6 
5 4 8 3 9   4 7   7 
9 3 5 3   5 8 1 5 9 
6 2 2 * 5 7 4 5 4 7 
6 7 6 2 4 7 9 2 4 2 
1 5 5 6 6 2 2 9 4 4 
9 1 7 9 7 3 8 4 9 5 
5 2 9 1 2 7 1 7 8 5 

Step 3:
1 1 9 1 9 3 8 3   9 
2 8 4 8 8 8 1     6 
9 3 6 9 1 1   9   6 
5 4 8 3 9   4 7   7 
9 3 5 3   5 8 1 5 9 
6 2 2           * 7 
6 7 6 2 4 7 9 2 4 2 
1 5 5 6 6 2 2 9 4 4 
9 1 7 9 7 3 8 4 9 5 
5 2 9 1 2 7 1 7 8 5 

Step 4:
1 1 9 1 9 3 8 3   9 
2 8 4 8 8 8 1     6 
9 3 6 9 1 1   9   6 
5 4 8 3 9   4 7   7 
9 3 5 3   5 8 1 5 9 
6 2 2             7 
6 7 6 2 4 7 9 2   2 
1 5 5 6 6 2 2 9   4 
9 1 7 9 7 3 8 4   5 
5 2 9 1 2 7 1 7 * 5 

Step 5:
1 1 9 1 9 3 8 3   9 
2 8 4 8 8 8 1     6 
9 3 6 9 1 1   9   6 
5 4 8 3 9   4 7   7 
9 3 5 3   5 8 1 5 9 
6 2 2             7 
6 7 6 2 4 7 9 2   2 
1 5 5 6 6 2 2 9   4 
9 1 7 9 7 3 8 4   5 
5 *               5 

Step 6:
1 1 9 1 9 3 8 3   9 
2 8 4 8 8 8 1     6 
9 3 6 9 1 1   9   6 
5 4 8 3 9   4 7   7 
9 3 5 3   5 8 1 5 9 
6 2 2             7 
6 7 6 2 4 7 9 2   2 
1 5 5 6 6 2 2 9   4 
9 * 7 9 7 3 8 4   5 
5                 5 

Step 7:
1 1 9 1 9 3 8 3   9 
2 8 4 8 8 8 1     6 
9 3 6 9 1 1   9   6 
5 4 8 3 9   4 7   7 
9 3 5 3   5 8 1 5 9 
6 2 2             7 
6 7 6 2 4 7 9 2   2 
* 5 5 6 6 2 2 9   4 
9   7 9 7 3 8 4   5 
5                 5 

Step 8:
1 1 9 1 9 3 8 3   9 
* 8 4 8 8 8 1     6 
  3 6 9 1 1   9   6 
  4 8 3 9   4 7   7 
  3 5 3   5 8 1 5 9 
  2 2             7 
  7 6 2 4 7 9 2   2 
  5 5 6 6 2 2 9   4 
9   7 9 7 3 8 4   5 
5                 5 

Step 9:
1 1 9 1 9 3 8 3   9 
  8 4 8 8 8 1     6 
    6 9 1 1   9   6 
  4   3 9   4 7   7 
  3 5 *   5 8 1 5 9 
  2 2             7 
  7 6 2 4 7 9 2   2 
  5 5 6 6 2 2 9   4 
9   7 9 7 3 8 4   5 
5                 5 

Step 10:
1 1 9 1 9 3 8 3   9 
  8 4 * 8 8 1     6 
    6   1 1   9   6 
  4     9   4 7   7 
  3 5     5 8 1 5 9 
  2 2             7 
  7 6 2 4 7 9 2   2 
  5 5 6 6 2 2 9   4 
9   7 9 7 3 8 4   5 
5                 5 

Step 11:
1 1 9 1 9 3 8 3   9 
  8 4   8 8 1     6 
    6   * 1   9   6 
  4     9   4 7   7 
  3 5     5 8 1 5 9 
  2 2             7 
  7 6 2 4 7 9 2   2 
  5 5 6 6 2 2 9   4 
9   7 9 7 3 8 4   5 
5                 5 

Step 12:
1 1 9 1 9 3 8 3   9 
  8 4   8 8 1     6 
    6     *   9   6 
  4     9   4 7   7 
  3 5     5 8 1 5 9 
  2 2             7 
  7 6 2 4 7 9 2   2 
  5 5 6 6 2 2 9   4 
9   7 9 7 3 8 4   5 
5                 5 

Step 13:
1 1 9 1 9 3 8 3   9 
  8 4   8 8 *     6 
    6         9   6 
  4     9   4 7   7 
  3 5     5 8 1 5 9 
  2 2             7 
  7 6 2 4 7 9 2   2 
  5 5 6 6 2 2 9   4 
9   7 9 7 3 8 4   5 
5                 5 

