Initial Board:
7 8 9 7 6 6 4 4 8 3 
4 6 6 7 9 4 2 2 8 8 
4 6 7 3 5 7 5 5 6 8 
6 5 6 8 2 4 8 2 3 2 
8 3 7 8 4 8 3 1 8 8 
8 2 6 4 3 3 1 3 * 9 
5 4 3 4 3 1 3 3 6 3 
6 3 4 3 1 9 3 8 2 9 
5 2 8 4 9 2 7 5 8 3 
3 3 6 6 2 8 3 6 7 2 

Step 1:
7 8 9 7 6 6 4 4 8 3 
4 6 6 7 9 4 2 2 8 8 
4 6 7 3 5 7 5 5 6 8 
6 5 6 8 2 4 8 2 3 2 
8 3 7 8 4 8 3 * 8 8 
8 2 6 4 3 3 1 3   9 
5 4 3 4 3 1 3 3 6 3 
6 3 4 3 1 9 3 8 2 9 
5 2 8 4 9 2 7 5 8 3 
3 3 6 6 2 8 3 6 7 2 

Step 2:
7 8 9 7 6 6 4 4 8 3 
4 6 6 7 9 4 2 2 8 8 
4 6 7 3 5 7 5 5 6 8 
6 5 6 8 2 4 8 2 3 2 
8 3 7 8 4 8 3   8 8 
8 2 6 4 3 3 * 3   9 
5 4 3 4 3 1 3 3 6 3 
6 3 4 3 1 9 3 8 2 9 
5 2 8 4 9 2 7 5 8 3 
3 3 6 6 2 8 3 6 7 2 

Step 3:
7 8 9 7 6 6 4 4 8 3 
4 6 6 7 9 4 2 2 8 8 
4 6 7 3 5 7 * 5 6 8 
6 5 6 8 2 4   2 3 2 
8 3 7 8 4 8     8 8 
8 2 6 4 3 3   3   9 
5 4 3 4 3 1 3 3 6 3 
6 3 4 3 1 9 3 8 2 9 
5 2 8 4 9 2 7 5 8 3 
3 3 6 6 2 8 3 6 7 2 

Step 4:
7 8 9 7 6 6 4 4 * 3 
4 6 6 7 9 4 2   8 8 
4 6 7 3 5 7   5 6 8 
6 5 6 8 2 4   2 3 2 
8 3 7 8 4 8     8 8 
8 2 6 4 3 3   3   9 
5 4 3 4 3 1 3 3 6 3 
6 3 4 3 1 9 3 8 2 9 
5 2 8 4 9 2 7 5 8 3 
3 3 6 6 2 8 3 6 7 2 

Step 5:
7 8 9 7 *         3 
4 6 6 7 9 4 2   8 8 
4 6 7 3 5 7   5 6 8 
6 5 6 8 2 4   2 3 2 
8 3 7 8 4 8     8 8 
8 2 6 4 3 3   3   9 
5 4 3 4 3 1 3 3 6 3 
6 3 4 3 1 9 3 8 2 9 
5 2 8 4 9 2 7 5 8 3 
3 3 6 6 2 8 3 6 7 2 

Step 6:
7 8 9 7           3 
4 6 6 7   4 2   8 8 
4 6 7 3   7   5 6 8 
6 5 6 8   4   2 3 2 
8 3 7 8   8     8 8 
8 2 6 4   3   3   9 
5 4 3 4   1 3 3 6 3 
6 3 4 3   9 3 8 2 9 
5 2 8 4   2 7 5 8 3 
3 3 6 6 * 8 3 6 7 2 

Step 7:
7 8 9 7           3 
4 6 6 7   4 2   8 8 
4 6 7 3   7   5 6 8 
6 5 6 8   4   2 3 2 
8 3 7 8   8     8 8 
8 2 6 4   3   3   9 
5 4 3 4   1 3 3 6 3 
6 3 4 3   9 * 8 2 9 
5 2 8 4     7 5 8 3 
3 3 6 6   8 3 6 7 2 

Step 8:
7 8 9 7           3 
4 6 6 7   4 2   8 8 
4 6 7 3   7   5 6 8 
6 5 6 8   4   2 3 2 
8 3 7 8   8     8 8 
8 2 6 4   3   3   9 
5 4 3 4   * 3 3 6 3 
6 3 4 3   9   8 2 9 
5 2 8 4     7 5 8 3 
3 3 6 6   8 3 6 7 2 

Step 9:
7 8 9 7           3 
4 6 6 7   4 2   8 8 
4 6 7 3   7   5 6 8 
6 5 6 8   *   2 3 2 
8 3 7 8         8 8 
8 2 6 4       3   9 
5 4 3 4     3 3 6 3 
6 3 4 3   9   8 2 9 
5 2 8 4     7 5 8 3 
3 3 6 6   8 3 6 7 2 

