Initial Board:
6 5 3 3 9 2 5 2 2 2 
4 9 8 7 5 2 8 6 6 3 
6 8 6 5 6 2 8 7 9 5 
7 2 6 4 3 7 2 9 4 3 
6 4 5 6 5 7 2 4 8 7 
6 7 4 3 8 7 6 1 4 7 
6 7 1 8 1 5 4 3 2 * 
3 2 3 8 1 9 7 4 7 2 
4 8 2 4 5 5 9 3 5 1 
6 7 5 7 6 3 9 1 3 9 

Step 1:
6 5 3 3 9 2 5 2 2 2 
4 9 8 7 5 2 8 6 6 3 
6 8 6 5 6 2 8 7 9 5 
7 2 6 4 3 7 2 9 4 3 
6 4 5 6 5 7 2 4 8 7 
6 7 4 3 8 7 6 1 4 7 
6 7 1 8 1 5 4 *     
3 2 3 8 1 9 7 4 7 2 
4 8 2 4 5 5 9 3 5 1 
6 7 5 7 6 3 9 1 3 9 

Step 2:
6 * 3 3 9 2 5 2 2 2 
4 9   7 5 2 8 6 6 3 
6 8 6   6 2 8 7 9 5 
7 2 6 4   7 2 9 4 3 
6 4 5 6 5   2 4 8 7 
6 7 4 3 8 7   1 4 7 
6 7 1 8 1 5 4       
3 2 3 8 1 9 7 4 7 2 
4 8 2 4 5 5 9 3 5 1 
6 7 5 7 6 3 9 1 3 9 

Step 3:
6       * 2 5 2 2 2 
4 9   7 5 2 8 6 6 3 
6 8 6   6 2 8 7 9 5 
7 2 6 4   7 2 9 4 3 
6 4 5 6 5   2 4 8 7 
6 7 4 3 8 7   1 4 7 
6 7 1 8 1 5 4       
3 2 3 8 1 9 7 4 7 2 
4 8 2 4 5 5 9 3 5 1 
6 7 5 7 6 3 9 1 3 9 

Step 4:
6         2 5 2 2 2 
4 9   7 5   8 6 6 3 
6 8 6   6 2 * 7 9 5 
7 2 6 4   7 2 9 4 3 
6 4 5 6 5   2 4 8 7 
6 7 4 3 8 7   1 4 7 
6 7 1 8 1 5 4       
3 2 3 8 1 9 7 4 7 2 
4 8 2 4 5 5 9 3 5 1 
6 7 5 7 6 3 9 1 3 9 

Step 5:
6         2 5 2 2 2 
4 9   7 5   8 6 6 3 
6 8 6   6 2   7 9 5 
7 2 6 4   7   9 4 3 
6 4 5 6 5   * 4 8 7 
6 7 4 3 8 7   1 4 7 
6 7 1 8 1 5 4       
3 2 3 8 1 9 7 4 7 2 
4 8 2 4 5 5 9 3 5 1 
6 7 5 7 6 3 9 1 3 9 

Step 6:
6         2 5 2 2 2 
4 9   7 5   8 6 6 3 
6 8 6   6 2   7 9 5 
7 2 6 4   7   9 4 3 
6 4 5 6 5     4 8 7 
6 7 4 3 8 7   * 4 7 
6 7 1 8 1 5 4       
3 2 3 8 1 9 7 4 7 2 
4 8 2 4 5 5 9 3 5 1 
6 7 5 7 6 3 9 1 3 9 

Step 7:
6         2 5 2 2 2 
4 9   7 5   8 6 6 3 
6 8 6   6 2   7 9 5 
7 2 6 4   7   9 4 3 
6 4 5 6 5     4 8 7 
6 7 4 3 8 7     4 7 
6 7 1 8 1 5         
3 2 3 8 1   7 4 7 2 
4 8 2 4   5 9 3 5 1 
6 7 5 * 6 3 9 1 3 9 

Step 8:
6         2 5 2 2 2 
4 9   7 5   8 6 6 3 
6 8 6   6 2   7 9 5 
7 2 6 4   7   9 4 3 
6 4 5 6 5     4 8 7 
6 7 4 * 8 7     4 7 
6 7 1   1 5         
3 2 3   1   7 4 7 2 
4 8 2     5 9 3 5 1 
6 7 5   6 3 9 1 3 9 

Step 9:
6         2 5 2 2 2 
4 9   7 5   8 6 6 3 
6 8 6   6 2   7 9 5 
7 2 6 4   7   9 4 3 
6 4 5 6 5     4 8 7 
6 7 4   8 7     4 7 
6 7 *   1 5         
3 2 3   1   7 4 7 2 
4 8 2     5 9 3 5 1 
6 7 5   6 3 9 1 3 9 

Step 10:
6         2 5 2 2 2 
4 9   7 5   8 6 6 3 
6 8 *   6 2   7 9 5 
7 2   4   7   9 4 3 
6 4   6 5     4 8 7 
6 7     8 7     4 7 
6 7     1 5         
3 2 3   1   7 4 7 2 
4 8 2     5 9 3 5 1 
6 7 5   6 3 9 1 3 9 

Step 11:
6         2 5 2 2 2 
4 9   7 5   8 6 6 3 
6 8     6 2   7 9 5 
7     4   7   9 4 3 
* 4   6 5     4 8 7 
6 7     8 7     4 7 
6 7     1 5         
3 2 3   1   7 4 7 2 
4 8 2     5 9 3 5 1 
6 7 5   6 3 9 1 3 9 

