Initial Board:
8 7 7 2 3 7 5 3 5 4 
9 9 7 5 6 2 1 1 1 9 
6 9 9 7 8 1 1 4 8 4 
2 2 7 8 4 1 2 3 9 8 
2 3 8 * 7 5 4 4 8 2 
5 8 4 9 6 5 7 9 1 4 
8 3 3 5 5 6 6 1 6 6 
7 3 8 8 2 8 2 3 7 6 
6 7 3 6 4 8 6 8 4 9 
5 3 9 8 8 2 7 3 3 1 

Step 1:
8 7 7 2 3 7 5 * 5 4 
9 9 7 5 6 2   1 1 9 
6 9 9 7 8   1 4 8 4 
2 2 7 8   1 2 3 9 8 
2 3 8   7 5 4 4 8 2 
5 8 4 9 6 5 7 9 1 4 
8 3 3 5 5 6 6 1 6 6 
7 3 8 8 2 8 2 3 7 6 
6 7 3 6 4 8 6 8 4 9 
5 3 9 8 8 2 7 3 3 1 

Step 2:
8 7 7 2 3 7 5   5 4 
9 9 7 5 6 2   * 1 9 
6 9 9 7 8   1 4 8 4 
2 2 7 8   1 2 3 9 8 
2 3 8   7 5 4 4 8 2 
5 8 4 9 6 5 7 9 1 4 
8 3 3 5 5 6 6 1 6 6 
7 3 8 8 2 8 2 3 7 6 
6 7 3 6 4 8 6 8 4 9 
5 3 9 8 8 2 7 3 3 1 

Step 3:
8 7 7 2 3 7 5   5 4 
9 9 7 5 6 2     1 9 
6 9 9 7 8   1   8 4 
2 2 7 8   1 2   9 8 
2 3 8   7 5 4   8 2 
5 8 4 9 6 5 7 * 1 4 
8 3 3 5 5 6 6 1 6 6 
7 3 8 8 2 8 2 3 7 6 
6 7 3 6 4 8 6 8 4 9 
5 3 9 8 8 2 7 3 3 1 

Step 4:
8 7 7 2 3 7 5   5 4 
9 9 7 5 6 2     1 9 
6 9 9 7 8   1   8 4 
2 2 7 8   1 2   9 8 
2 3 8   7 5 4   8 2 
5 8 4 9 6 5 7   1 4 
8 3 3 5 5 6 6 * 6 6 
7 3 8 8 2 8 2 3 7 6 
6 7 3 6 4 8 6 8 4 9 
5 3 9 8 8 2 7 3 3 1 

Step 5:
8 7 7 2 3 7 5   5 4 
9 9 7 5 6 2     1 9 
6 9 9 7 8   1   8 4 
2 2 7 8   1 2   9 8 
2 3 8   7 5 4   8 2 
5 8 4 9 6 5 7   1 4 
8 3 3 5 5 6 6   6 6 
7 3 8 8 2 8 2   7 6 
6 7 3 6 4 8 6   4 9 
5 3 9 8 8 2 7 * 3 1 

Step 6:
8 7 7 2 3 7 5   5 4 
9 9 7 5 6 2     1 9 
6 9 9 7 8   1   8 4 
2 2 7 8   1 2   9 8 
2 3 8   7 5 4   8 2 
5 8 4 9 6 5 7   1 4 
8 3 3 5 5 6 6   6 6 
7 3 8 8 2 8 2   7 6 
6 7 3 6 4 8 6   4 9 
*               3 1 

Step 7:
8 7 7 2 3 7 5   5 4 
9 9 7 5 6 2     1 9 
6 9 9 7 8   1   8 4 
* 2 7 8   1 2   9 8 
  3 8   7 5 4   8 2 
  8 4 9 6 5 7   1 4 
  3 3 5 5 6 6   6 6 
  3 8 8 2 8 2   7 6 
  7 3 6 4 8 6   4 9 
                3 1 

Step 8:
8 7 7 2 3 7 5   5 4 
9 9 7 5 6 2     1 9 
6 9 9 7 8   1   8 4 
    * 8   1 2   9 8 
  3 8   7 5 4   8 2 
  8 4 9 6 5 7   1 4 
  3 3 5 5 6 6   6 6 
  3 8 8 2 8 2   7 6 
  7 3 6 4 8 6   4 9 
                3 1 

