Initial Board:
9 1 3 8 8 5 1 1 9 9 
7 4 8 3 3 7 2 2 6 8 
8 5 3 5 4 1 1 6 2 5 
4 6 7 3 9 9 6 6 8 3 
1 4 9 8 9 2 3 6 3 9 
8 6 5 7 4 * 5 8 9 6 
3 2 3 3 5 4 3 4 9 9 
7 8 5 7 5 3 2 4 4 2 
5 4 6 3 6 8 6 1 2 1 
5 5 8 8 9 6 8 2 2 2 

Step 1:
9 1 3 8 8 5 1 1 9 9 
7 4 8 3 3 7 2 2 6 8 
8 5 3 5 4 1 1 6 2 5 
4 6 7 3 9 * 6 6 8 3 
1 4 9 8 9   3 6 3 9 
8 6 5 7 4   5 8 9 6 
3 2 3 3 5 4 3 4 9 9 
7 8 5 7 5 3 2 4 4 2 
5 4 6 3 6 8 6 1 2 1 
5 5 8 8 9 6 8 2 2 2 

Step 2:
9 1 3 8 8 5 1 1 9 9 
7 4 8 3 3 7 2 2 6 8 
8 5 3 5 4 * 1 6 2 5 
4 6 7 3 9   6 6 8 3 
1 4 9 8 9   3 6 3 9 
8 6 5 7 4   5 8 9 6 
3 2 3 3 5 4 3 4 9 9 
7 8 5 7 5 3 2 4 4 2 
5 4 6 3 6 8 6 1 2 1 
5 5 8 8 9 6 8 2 2 2 

Step 3:
9 1 3 8 8 5 1 1 9 9 
7 4 8 3 3 7 2 2 6 8 
8 *         1 6 2 5 
4 6 7 3 9   6 6 8 3 
1 4 9 8 9   3 6 3 9 
8 6 5 7 4   5 8 9 6 
3 2 3 3 5 4 3 4 9 9 
7 8 5 7 5 3 2 4 4 2 
5 4 6 3 6 8 6 1 2 1 
5 5 8 8 9 6 8 2 2 2 

Step 4:
9 1 3 8 8 5 1 1 9 9 
7 4 8 3 3 7 2 2 6 8 
8           1 6 2 5 
4   7 3 9   6 6 8 3 
1   9 8 9   3 6 3 9 
8   5 7 4   5 8 9 6 
3   3 3 5 4 3 4 9 9 
7   5 7 5 3 2 4 4 2 
5 * 6 3 6 8 6 1 2 1 
5 5 8 8 9 6 8 2 2 2 

Step 5:
9 1 3 8 8 5 1 1 9 9 
7 4 8 3 3 7 2 2 6 8 
8           1 6 2 5 
4   7 3 9   6 6 8 3 
1   9 8 9   3 6 3 9 
8   5 7 4   5 8 9 6 
3   3 3 5 4 3 4 9 9 
7   5 7 5 3 2 4 4 2 
5             * 2 1 
5 5 8 8 9 6 8 2 2 2 

Step 6:
9 1 3 8 8 5 1 1 9 9 
7 4 8 3 3 7 2 2 6 8 
8           1 6 2 5 
4   7 3 9   6 6 8 3 
1   9 8 9   3 * 3 9 
8   5 7 4   5   9 6 
3   3 3 5 4 3   9 9 
7   5 7 5 3 2   4 2 
5               2 1 
5 5 8 8 9 6 8 2 2 2 

