Initial Board:
6 4 2 8 8 8 9 3 8 4 6 5 1 2 5 4 4 5 4 5 3 4 5 4 7 
1 1 3 3 8 4 2 7 8 7 2 5 3 2 2 3 6 7 4 7 8 6 2 4 3 
2 2 4 7 6 8 1 9 3 2 1 4 3 7 8 2 9 6 2 7 1 5 6 4 1 
5 3 1 4 9 1 3 4 1 5 8 4 8 2 6 3 2 3 1 5 7 3 2 1 3 
6 5 6 5 2 3 3 5 3 5 4 6 3 1 5 7 3 8 8 2 1 7 4 3 8 
5 2 4 4 1 8 7 3 5 6 5 5 9 1 2 7 3 7 7 2 8 7 4 3 8 
4 5 7 1 7 8 6 6 7 7 3 4 3 4 4 9 8 8 5 5 4 1 8 6 3 
6 7 9 7 8 6 4 2 9 3 2 3 7 7 4 4 4 5 1 9 5 5 9 2 7 
1 3 5 1 1 1 9 2 1 2 1 8 9 2 7 9 3 3 5 1 4 8 9 2 * 
2 6 5 9 2 4 8 4 3 5 1 3 3 2 5 5 7 8 1 4 4 4 8 7 4 
5 4 4 9 3 9 9 7 7 3 1 2 8 2 6 5 2 3 8 3 3 4 6 7 8 
9 8 4 3 9 8 4 5 4 5 1 1 5 8 6 1 3 5 1 2 6 4 6 3 2 
7 3 4 8 1 8 6 5 2 5 7 4 3 1 6 5 3 7 9 4 4 6 5 3 8 
2 8 5 8 1 9 4 7 9 1 9 5 1 5 2 6 5 8 1 8 9 4 4 5 9 
1 4 7 3 6 6 1 5 9 7 1 9 4 6 9 8 9 6 2 1 6 3 1 8 8 
5 6 2 9 6 8 2 5 7 8 9 6 7 6 6 4 5 3 3 9 4 6 3 1 6 
7 8 7 9 1 7 1 7 2 5 9 1 7 8 6 4 7 1 7 8 4 3 2 7 8 
1 9 4 9 6 2 7 2 9 2 6 7 3 3 7 2 2 9 3 3 2 4 1 6 8 
2 3 7 4 8 7 7 8 8 7 2 4 8 7 6 5 7 4 9 3 5 4 3 5 6 
4 7 5 7 4 8 4 2 8 5 2 3 1 7 7 6 4 3 7 9 7 2 8 3 4 
3 6 9 6 5 7 6 4 1 9 1 3 6 7 5 2 7 4 3 2 4 8 7 7 6 
1 6 7 9 3 2 8 7 1 1 5 3 2 5 7 6 7 8 6 8 8 1 6 7 4 
7 2 4 8 8 6 4 4 7 5 8 2 1 7 7 3 9 3 9 7 1 2 9 9 3 
5 3 3 4 5 7 3 8 6 5 2 3 8 3 8 6 8 5 6 8 6 8 2 9 7 
8 8 6 8 6 6 3 5 4 7 4 1 3 5 2 8 3 3 7 9 6 1 7 2 8 

Step 1:
6 4 2 8 8 8 9 3 8 4 6 5 1 2 5 4 4 5 4 5 3 4 5 4 7 
1 1 3 3 8 4 2 7 8 7 2 5 3 2 2 3 6 7 4 7 8 6 2 4 3 
2 2 4 7 6 8 1 9 3 2 1 4 3 7 8 2 9 6 2 7 1 5 6 4 1 
5 3 1 4 9 1 3 4 1 5 8 4 8 2 6 3 2 3 1 5 7 3 2 1 3 
6 5 6 5 2 3 3 5 3 5 4 6 3 1 5 7 3 8 8 2 1 7 4 3 8 
5 2 4 4 1 8 7 3 5 6 5 5 9 1 2 7 3 7 7 2 8 7 4 3 8 
4 5 7 1 7 8 6 6 7 7 3 4 3 4 4 9 8 8 5 5 4 1 8 6 3 
6 7 9 7 8 6 4 2 9 3 2 3 7 7 4 4 4 5 1 9 5 5 9 2 7 
1 3 5 1 1 1 9 2 1 2 1 8 9 2 7 9 3 3 5 1 4 8 9 2   
2 6 5 9 2 4 8 4 3 5 1 3 3 2 5 5 7 8 1 4 4 4 8   4 
5 4 4 9 3 9 9 7 7 3 1 2 8 2 6 5 2 3 8 3 3 4   7 8 
9 8 4 3 9 8 4 5 4 5 1 1 5 8 6 1 3 5 1 2 6   6 3 2 
7 3 4 8 1 8 6 5 2 5 7 4 3 1 6 5 3 7 9 4   6 5 3 8 
2 8 5 8 1 9 4 7 9 1 9 5 1 5 2 6 5 8 1   9 4 4 5 9 
1 4 7 3 6 6 1 5 9 7 1 9 4 6 9 8 9 6   1 6 3 1 8 8 
5 6 2 9 6 8 2 5 7 8 9 6 7 6 6 4 5 * 3 9 4 6 3 1 6 
7 8 7 9 1 7 1 7 2 5 9 1 7 8 6 4 7 1 7 8 4 3 2 7 8 
1 9 4 9 6 2 7 2 9 2 6 7 3 3 7 2 2 9 3 3 2 4 1 6 8 
2 3 7 4 8 7 7 8 8 7 2 4 8 7 6 5 7 4 9 3 5 4 3 5 6 
4 7 5 7 4 8 4 2 8 5 2 3 1 7 7 6 4 3 7 9 7 2 8 3 4 
3 6 9 6 5 7 6 4 1 9 1 3 6 7 5 2 7 4 3 2 4 8 7 7 6 
1 6 7 9 3 2 8 7 1 1 5 3 2 5 7 6 7 8 6 8 8 1 6 7 4 
7 2 4 8 8 6 4 4 7 5 8 2 1 7 7 3 9 3 9 7 1 2 9 9 3 
5 3 3 4 5 7 3 8 6 5 2 3 8 3 8 6 8 5 6 8 6 8 2 9 7 
8 8 6 8 6 6 3 5 4 7 4 1 3 5 2 8 3 3 7 9 6 1 7 2 8 

Step 2:
6 4 2 8 8 8 9 3 8 4 6 5 1 2 5 4 4 5 4 5 3 4 5 4 7 
1 1 3 3 8 4 2 7 8 7 2 5 3 2 2 3 6 7 4 7 8 6 2 4 3 
2 2 4 7 6 8 1 9 3 2 1 4 3 7 8 2 9 6 2 7 1 5 6 4 1 
5 3 1 4 9 1 3 4 1 5 8 4 8 2 6 3 2 3 1 5 7 3 2 1 3 
6 5 6 5 2 3 3 5 3 5 4 6 3 1 5 7 3 8 8 2 1 7 4 3 8 
5 2 4 4 1 8 7 3 5 6 5 5 9 1 2 7 3 7 7 2 8 7 4 3 8 
4 5 7 1 7 8 6 6 7 7 3 4 3 4 4 9 8 8 5 5 4 1 8 6 3 
6 7 9 7 8 6 4 2 9 3 2 3 7 7 4 4 4 5 1 9 5 5 9 2 7 
1 3 5 1 1 1 9 2 1 2 1 8 9 2 7 9 3 3 5 1 4 8 9 2   
2 6 5 9 2 4 8 4 3 5 1 3 3 2 5 5 7 8 1 4 4 4 8   4 
5 4 4 9 3 9 9 7 7 3 1 2 8 2 6 5 2 3 8 3 3 4   7 8 
9 8 4 3 9 8 4 5 4 5 1 1 5 8 6 1 3 5 1 2 6   6 3 2 
7 3 4 8 1 8 6 5 2 5 7 4 3 1 6 5 3 7 9 4   6 5 3 8 
2 8 5 8 1 9 4 7 9 1 9 5 1 5 2 6 5 8 1   9 4 4 5 9 
1 4 7 3 6 6 1 5 9 7 1 9 4 6 9 8 9 6   1 6 3 1 8 8 
5 6 2 9 6 8 2 5 7 8 9 6 7 6 6 4 5   3 9 4 6 3 1 6 
7 8 7 9 1 7 1 7 2 5 9 1 7 8 6 4 7 1   8 4 3 2 7 8 
1 9 4 9 6 2 7 2 9 2 6 7 3 3 7 2 2 9 3   2 4 1 6 8 
2 3 7 4 8 7 7 8 8 7 2 4 8 7 6 5 7 4 9 3   4 3 5 6 
4 7 5 7 4 8 4 2 8 5 2 3 1 7 7 6 4 3 7 9 7   8 3 4 
3 6 9 6 5 7 6 4 1 9 1 3 6 7 5 2 7 4 3 2 4 8   7 6 
1 6 7 9 3 2 8 7 1 1 5 3 2 5 7 6 7 8 6 8 8 1 6   4 
7 2 4 8 8 6 4 4 7 5 8 2 1 7 7 3 9 3 9 7 1 2 9 9 * 
5 3 3 4 5 7 3 8 6 5 2 3 8 3 8 6 8 5 6 8 6 8 2 9 7 
8 8 6 8 6 6 3 5 4 7 4 1 3 5 2 8 3 3 7 9 6 1 7 2 8 

Step 3:
6 4 2 8 8 8 9 3 8 4 6 5 1 2 5 4 4 5 4 5 3 4 5 4 7 
1 1 3 3 8 4 2 7 8 7 2 5 3 2 2 3 6 7 4 7 8 6 2 4 3 
2 2 4 7 6 8 1 9 3 2 1 4 3 7 8 2 9 6 2 7 1 5 6 4 1 
5 3 1 4 9 1 3 4 1 5 8 4 8 2 6 3 2 3 1 5 7 3 2 1 3 
6 5 6 5 2 3 3 5 3 5 4 6 3 1 5 7 3 8 8 2 1 7 4 3 8 
5 2 4 4 1 8 7 3 5 6 5 5 9 1 2 7 3 7 7 2 8 7 4 3 8 
4 5 7 1 7 8 6 6 7 7 3 4 3 4 4 9 8 8 5 5 4 1 8 6 3 
6 7 9 7 8 6 4 2 9 3 2 3 7 7 4 4 4 5 1 9 5 5 9 2 7 
1 3 5 1 1 1 9 2 1 2 1 8 9 2 7 9 3 3 5 1 4 8 9 2   
2 6 5 9 2 4 8 4 3 5 1 3 3 2 5 5 7 8 1 4 4 4 8   4 
5 4 4 9 3 9 9 7 7 3 1 2 8 2 6 5 2 3 8 3 3 4   7 8 
9 8 4 3 9 8 4 5 4 5 1 1 5 8 6 1 3 5 1 2 6   6 3 2 
7 3 4 8 1 8 6 5 2 5 7 4 3 1 6 5 3 7 9 4   6 5 3 8 
2 8 5 8 1 9 4 7 9 1 9 5 1 5 2 6 5 8 1   9 4 4 5 9 
1 4 7 3 6 6 1 5 9 7 1 9 4 6 9 8 9 6   1 6 3 1 8 8 
5 6 2 9 6 8 2 5 7 8 9 6 7 6 6 4 5   3 9 4 6 3 1 6 
7 8 7 9 1 7 1 7 2 5 9 1 7 8 6 4 7 1   8 4 3 2 7 8 
1 9 4 9 6 2 7 2 9 2 6 7 3 3 7 2 2 9 3   2 4 1 6 8 
2 3 7 4 8 7 7 8 8 7 2 4 8 7 6 5 7 4 9 3   4 3 5 6 
4 7 5 7 4 8 4 2 8 5 2 3 1 7 7 6 4 3 7 9 7   8 3 4 
3 6 9 6 5 7 6 4 1 9 1 3 6 7 5 2 7 4 3 2 4 8   7 6 
1 6 7 9 3 2 8 7 1 1 5 3 2 5 7 6 7 8 6 8 8 1 6   4 
7 2 4 8 8 6 4 4 7 5 8 2 1 7 7 *                   
5 3 3 4 5 7 3 8 6 5 2 3 8 3 8 6 8 5 6 8 6 8 2 9 7 
8 8 6 8 6 6 3 5 4 7 4 1 3 5 2 8 3 3 7 9 6 1 7 2 8 

Step 4:
6 4 2 8 8 8 9 3 8 4 6 5 1 2 5 4 4 5 4 5 3 4 5 4 7 
1 1 3 3 8 4 2 7 8 7 2 5 3 2 2 3 6 7 4 7 8 6 2 4 3 
2 2 4 7 6 8 1 9 3 2 1 4 3 7 8 2 9 6 2 7 1 5 6 4 1 
5 3 1 4 9 1 3 4 1 5 8 4 8 2 6 3 2 3 1 5 7 3 2 1 3 
6 5 6 5 2 3 3 5 3 5 4 6 3 1 5 7 3 8 8 2 1 7 4 3 8 
5 2 4 4 1 8 7 3 5 6 5 5 9 1 2 7 3 7 7 2 8 7 4 3 8 
4 5 7 1 7 8 6 6 7 7 3 4 3 4 4 9 8 8 5 5 4 1 8 6 3 
6 7 9 7 8 6 4 2 9 3 2 3 7 7 4 4 4 5 1 9 5 5 9 2 7 
1 3 5 1 1 1 9 2 1 2 1 8 9 2 7 9 3 3 5 1 4 8 9 2   
2 6 5 9 2 4 8 4 3 5 1 3 3 2 5 5 7 8 1 4 4 4 8   4 
5 4 4 9 3 9 9 7 7 3 1 2 8 2 6 5 2 3 8 3 3 4   7 8 
9 8 4 3 9 8 4 5 4 5 1 1 5 8 6 1 3 5 1 2 6   6 3 2 
7 3 4 8 1 8 6 5 2 5 7 4 3 1 6 5 3 7 9 4   6 5 3 8 
2 8 5 8 1 9 4 7 9 1 9 5 1 5 2 6 5 8 1   9 4 4 5 9 
1 4 7 3 6 6 1 5 9 7 1 9 4 6 9 8 9 6   1 6 3 1 8 8 
5 6 2 9 6 8 2 5 7 8 9 6 7 6 6 4 5   3 9 4 6 3 1 6 
7 8 7 9 1 7 1 7 2 5 9 1 7 8 6 * 7 1   8 4 3 2 7 8 
1 9 4 9 6 2 7 2 9 2 6 7 3 3 7   2 9 3   2 4 1 6 8 
2 3 7 4 8 7 7 8 8 7 2 4 8 7 6   7 4 9 3   4 3 5 6 
4 7 5 7 4 8 4 2 8 5 2 3 1 7 7   4 3 7 9 7   8 3 4 
3 6 9 6 5 7 6 4 1 9 1 3 6 7 5   7 4 3 2 4 8   7 6 
1 6 7 9 3 2 8 7 1 1 5 3 2 5 7   7 8 6 8 8 1 6   4 
7 2 4 8 8 6 4 4 7 5 8 2 1 7 7                     
5 3 3 4 5 7 3 8 6 5 2 3 8 3 8 6 8 5 6 8 6 8 2 9 7 
8 8 6 8 6 6 3 5 4 7 4 1 3 5 2 8 3 3 7 9 6 1 7 2 8 

Step 5:
6 4 2 8 8 8 9 3 8 4 6 5 1 2 5 4 4 5 4 5 3 4 5 4 7 
1 1 3 3 8 4 2 7 8 7 2 5 3 2 2 3 6 7 4 7 8 6 2 4 3 
2 2 4 7 6 8 1 9 3 2 1 4 3 7 8 2 9 6 2 7 1 5 6 4 1 
5 3 1 4 9 1 3 4 1 5 8 4 8 2 6 3 2 3 1 5 7 3 2 1 3 
6 5 6 5 2 3 3 5 3 5 4 6 3 1 5 7 3 8 8 2 1 7 4 3 8 
5 2 4 4 1 8 7 3 5 6 5 5 9 1 2 7 3 7 7 2 8 7 4 3 8 
4 5 7 1 7 8 6 6 7 7 3 4 3 4 4 9 8 8 5 5 4 1 8 6 3 
6 7 9 7 8 6 4 2 9 3 2 3 7 7 4 4 4 5 1 9 5 5 9 2 7 
1 3 5 1 1 1 9 2 1 2 1 8 9 2 7 9 3 3 5 1 4 8 9 2   
2 6 5 9 2 4 8 4 3 5 1 3 3 2 5 5 7 8 1 4 4 4 8   4 
5 4 4 9 3 9 9 7 7 3 1 2 8 2 6 5 2 3 8 3 3 4   7 8 
9 8 4 3 9 8 4 5 4 5 1 1 5 8 6 1 3 5 1 2 6   6 3 2 
7 3 4 8 1 8 6 5 2 5 7 4 3 1 6 5 3 7 9 4   6 5 3 8 
2 8 5 8 1 9 4 7 9 1 9 5 1 5 2 6 5 8 1   9 4 4 5 9 
1 4 7 3 6 6 1 5 9 7 1 9 4 6 9 8 9 6   1 6 3 1 8 8 
5 6 2 9 6 8 2 5 7 8 9 6 7 6 6 4 5   3 9 4 6 3 1 6 
7 8 7 9 1 7 1 7 2 5 9 1 7 8 6   7 1   8 4 3 2 7 8 
1 9 4 9 6 2 7 2 9 2 6 7 3 3     2 9 3   2 4 1 6 8 
2 3 7 4 8 7 7 8 8 7 2 4 8   6   7 4 9 3   4 3 5 6 
4 7 5 7 4 8 4 2 8 5 2 3   7 7   4 3 7 9 7   8 3 4 
3 6 9 6 5 7 6 4 1 9 1   6 7 5   7 4 3 2 4 8   7 6 
1 6 7 9 3 2 8 7 1 1   3 2 5 7   7 8 6 8 8 1 6   4 
7 2 4 8 8 6 4 4 7   8 2 1 7 7                     
5 3 3 4 5 7 3 8 * 5 2 3 8 3 8 6 8 5 6 8 6 8 2 9 7 
8 8 6 8 6 6 3 5 4 7 4 1 3 5 2 8 3 3 7 9 6 1 7 2 8 

Step 6:
6 4 2 8 8 8 9 3 8 4 6 5 1 2 5 4 4 5 4 5 3 4 5 4 7 
1 1 3 3 8 4 2 7 8 7 2 5 3 2 2 3 6 7 4 7 8 6 2 4 3 
2 2 4 7 6 8 1 9 3 2 1 4 3 7 8 2 9 6 2 7 1 5 6 4 1 
5 3 1 4 9 1 3 4 1 5 8 4 8 2 6 3 2 3 1 5 7 3 2 1 3 
6 5 6 5 2 3 3 5 3 5 4 6 3 1 5 7 3 8 8 2 1 7 4 3 8 
5 2 4 4 1 8 7 3 5 6 5 5 9 1 2 7 3 7 7 2 8 7 4 3 8 
4 5 7 1 7 8 6 6 7 7 3 4 3 4 4 9 8 8 5 5 4 1 8 6 3 
6 7 9 7 8 6 4 2 9 3 2 3 7 7 4 4 4 5 1 9 5 5 9 2 7 
1 3 5 1 1 1 9 2 1 2 1 8 9 2 7 9 3 3 5 1 4 8 9 2   
2 6 5 9 2 4 8 4 3 5 1 3 3 2 5 5 7 8 1 4 4 4 8   4 
5 4 4 9 3 9 9 7 7 3 1 2 8 2 6 5 2 3 8 3 3 4   7 8 
9 8 4 3 9 8 4 5 4 5 1 1 5 8 6 1 3 5 1 2 6   6 3 2 
7 3 4 8 1 8 6 5 2 5 7 4 3 1 6 5 3 7 9 4   6 5 3 8 
2 8 5 8 1 9 4 7 9 1 9 5 1 5 2 6 5 8 1   9 4 4 5 9 
1 4 7 3 6 6 1 5 9 7 1 9 4 6 9 8 9 6   1 6 3 1 8 8 
5 6 2 9 6 8 2 5 7 8 9 6 7 6 6 4 5   3 9 4 6 3 1 6 
7 8 7 9 1 7 1 7 2 5 9 1 7 8 6   7 1   8 4 3 2 7 8 
1 9 4 9 6 2 7 2 9 2 6 7 3 3     2 9 3   2 4 1 6 8 
2 3 7 4 8 7 7 8 8 7 2 4 8   6   7 4 9 3   4 3 5 6 
4 7 5 7 4 8 4 2 8 5 2 3   7 7   4 3 7 9 7   8 3 4 
3 6 9 6 5 7 6 4 1 9 1   6 7 5   7 4 3 2 4 8   7 6 
1 6 7 9 3 2 8 7 1 1   3 2 5 7   7 8 6 8 8 1 6   4 
7 2 4 8 8 6 4 4 7   8 2 1 7 7                     
*                 5 2 3 8 3 8 6 8 5 6 8 6 8 2 9 7 
8 8 6 8 6 6 3 5 4 7 4 1 3 5 2 8 3 3 7 9 6 1 7 2 8 

Step 7:
6 4 2 8 8 8 9 3 8 4 6 5 1 2 5 4 4 5 4 5 3 4 5 4 7 
1 1 3 3 8 4 2 7 8 7 2 5 3 2 2 3 6 7 4 7 8 6 2 4 3 
2 2 4 7 6 8 1 9 3 2 1 4 3 7 8 2 9 6 2 7 1 5 6 4 1 
5 3 1 4 9 1 3 4 1 5 8 4 8 2 6 3 2 3 1 5 7 3 2 1 3 
6 5 6 5 2 3 3 5 3 5 4 6 3 1 5 7 3 8 8 2 1 7 4 3 8 
5 2 4 4 1 8 7 3 5 6 5 5 9 1 2 7 3 7 7 2 8 7 4 3 8 
4 5 7 1 7 8 6 6 7 7 3 4 3 4 4 9 8 8 5 5 4 1 8 6 3 
6 7 9 7 8 6 4 2 9 3 2 3 7 7 4 4 4 5 1 9 5 5 9 2 7 
1 3 5 1 1 1 9 2 1 2 1 8 9 2 7 9 3 3 5 1 4 8 9 2   
2 6 5 9 2 4 8 4 3 5 1 3 3 2 5 5 7 8 1 4 4 4 8   4 
5 4 4 9 3 9 9 7 7 3 1 2 8 2 6 5 2 3 8 3 3 4   7 8 
9 8 4 3 9 8 4 5 4 5 1 1 5 8 6 1 3 5 1 2 6   6 3 2 
7 3 4 8 1 8 6 5 2 5 7 4 3 1 6 5 3 7 9 4   6 5 3 8 
2 8 5 8 1 9 4 7 9 1 9 5 1 5 2 6 5 8 1   9 4 4 5 9 
1 4 7 3 6 6 1 5 9 7 1 9 4 6 9 8 9 6   1 6 3 1 8 8 
5 6 2 9 6 8 2 5 7 8 9 6 7 6 6 4 5   3 9 4 6 3 1 6 
* 8 7 9 1 7 1 7 2 5 9 1 7 8 6   7 1   8 4 3 2 7 8 
  9 4 9 6 2 7 2 9 2 6 7 3 3     2 9 3   2 4 1 6 8 
  3 7 4 8 7 7 8 8 7 2 4 8   6   7 4 9 3   4 3 5 6 
  7 5 7 4 8 4 2 8 5 2 3   7 7   4 3 7 9 7   8 3 4 
  6 9 6 5 7 6 4 1 9 1   6 7 5   7 4 3 2 4 8   7 6 
  6 7 9 3 2 8 7 1 1   3 2 5 7   7 8 6 8 8 1 6   4 
  2 4 8 8 6 4 4 7   8 2 1 7 7                     
                  5 2 3 8 3 8 6 8 5 6 8 6 8 2 9 7 
8 8 6 8 6 6 3 5 4 7 4 1 3 5 2 8 3 3 7 9 6 1 7 2 8 

Step 8:
6 4 2 8 8 8 9 3 8 4 6 5 1 2 5 4 4 5 4 5 3 4 5 4 7 
1 1 3 3 8 4 2 7 8 7 2 5 3 2 2 3 6 7 4 7 8 6 2 4 3 
2 2 4 7 6 8 1 9 3 2 1 4 3 7 8 2 9 6 2 7 1 5 6 4 1 
5 3 1 4 9 1 3 4 1 5 8 4 8 2 6 3 2 3 1 5 7 3 2 1 3 
6 5 6 5 2 3 3 5 3 5 4 6 3 1 5 7 3 8 8 2 1 7 4 3 8 
5 2 4 4 1 8 7 3 5 6 5 5 9 1 2 7 3 7 7 2 8 7 4 3 8 
4 5 7 1 7 8 6 6 7 7 3 4 3 4 4 9 8 8 5 5 4 1 8 6 3 
6 7 9 7 8 6 4 2 9 3 2 3 7 7 4 4 4 5 1 9 5 5 9 2 7 
1 3 5 1 1 1 9 2 1 2 1 8 9 2 7 9 3 3 5 1 4 8 9 2   
2 6 5 9 2 4 8 4 3 5 1 3 3 2 5 5 7 8 1 4 4 4 8   4 
5 4 4 9 3 9 9 7 7 3 1 2 8 2 6 5 2 3 8 3 3 4   7 8 
* 8 4 3 9 8 4 5 4 5 1 1 5 8 6 1 3 5 1 2 6   6 3 2 
  3 4 8 1 8 6 5 2 5 7 4 3 1 6 5 3 7 9 4   6 5 3 8 
  8 5 8 1 9 4 7 9 1 9 5 1 5 2 6 5 8 1   9 4 4 5 9 
  4 7 3 6 6 1 5 9 7 1 9 4 6 9 8 9 6   1 6 3 1 8 8 
  6 2 9 6 8 2 5 7 8 9 6 7 6 6 4 5   3 9 4 6 3 1 6 
  8 7 9 1 7 1 7 2 5 9 1 7 8 6   7 1   8 4 3 2 7 8 
  9 4 9 6 2 7 2 9 2 6 7 3 3     2 9 3   2 4 1 6 8 
  3 7 4 8 7 7 8 8 7 2 4 8   6   7 4 9 3   4 3 5 6 
  7 5 7 4 8 4 2 8 5 2 3   7 7   4 3 7 9 7   8 3 4 
  6 9 6 5 7 6 4 1 9 1   6 7 5   7 4 3 2 4 8   7 6 
  6 7 9 3 2 8 7 1 1   3 2 5 7   7 8 6 8 8 1 6   4 
  2 4 8 8 6 4 4 7   8 2 1 7 7                     
                  5 2 3 8 3 8 6 8 5 6 8 6 8 2 9 7 
8 8 6 8 6 6 3 5 4 7 4 1 3 5 2 8 3 3 7 9 6 1 7 2 8 

Step 9:
6 4 2 8 8 8 9 3 8 4 6 5 1 2 5 4 4 5 4 5 3 4 5 4 7 
1 1 3 3 8 4 2 7 8 7 2 5 3 2 2 3 6 7 4 7 8 6 2 4 3 
2 2 4 7 6 8 1 9 3 2 1 4 3 7 8 2 9 6 2 7 1 5 6 4 1 
5 3 1 4 9 1 3 4 1 5 8 4 8 2 6 3 2 3 1 5 7 3 2 1 3 
6 5 6 5 2 3 3 5 3 5 4 6 3 1 5 7 3 8 8 2 1 7 4 3 8 
5 2 4 4 1 8 7 3 5 6 5 5 9 1 2 7 3 7 7 2 8 7 4 3 8 
* 5 7 1 7 8 6 6 7 7 3 4 3 4 4 9 8 8 5 5 4 1 8 6 3 
  7 9 7 8 6 4 2 9 3 2 3 7 7 4 4 4 5 1 9 5 5 9 2 7 
  3 5 1 1 1 9 2 1 2 1 8 9 2 7 9 3 3 5 1 4 8 9 2   
  6 5 9 2 4 8 4 3 5 1 3 3 2 5 5 7 8 1 4 4 4 8   4 
  4 4 9 3 9 9 7 7 3 1 2 8 2 6 5 2 3 8 3 3 4   7 8 
  8 4 3 9 8 4 5 4 5 1 1 5 8 6 1 3 5 1 2 6   6 3 2 
  3 4 8 1 8 6 5 2 5 7 4 3 1 6 5 3 7 9 4   6 5 3 8 
  8 5 8 1 9 4 7 9 1 9 5 1 5 2 6 5 8 1   9 4 4 5 9 
  4 7 3 6 6 1 5 9 7 1 9 4 6 9 8 9 6   1 6 3 1 8 8 
  6 2 9 6 8 2 5 7 8 9 6 7 6 6 4 5   3 9 4 6 3 1 6 
  8 7 9 1 7 1 7 2 5 9 1 7 8 6   7 1   8 4 3 2 7 8 
  9 4 9 6 2 7 2 9 2 6 7 3 3     2 9 3   2 4 1 6 8 
  3 7 4 8 7 7 8 8 7 2 4 8   6   7 4 9 3   4 3 5 6 
  7 5 7 4 8 4 2 8 5 2 3   7 7   4 3 7 9 7   8 3 4 
  6 9 6 5 7 6 4 1 9 1   6 7 5   7 4 3 2 4 8   7 6 
  6 7 9 3 2 8 7 1 1   3 2 5 7   7 8 6 8 8 1 6   4 
  2 4 8 8 6 4 4 7   8 2 1 7 7                     
                  5 2 3 8 3 8 6 8 5 6 8 6 8 2 9 7 
8 8 6 8 6 6 3 5 4 7 4 1 3 5 2 8 3 3 7 9 6 1 7 2 8 

Step 10:
6 4 2 8 8 8 9 3 8 4 6 5 1 2 5 4 4 5 4 5 3 4 5 4 7 
1 1 3 3 8 4 2 7 8 7 2 5 3 2 2 3 6 7 4 7 8 6 2 4 3 
2 2 4 7 6 8 1 9 3 2 1 4 3 7 8 2 9 6 2 7 1 5 6 4 1 
5 3 1 4 9 1 3 4 1 5 8 4 8 2 6 3 2 3 1 5 7 3 2 1 3 
6 5 6 5 2 3 3 5 3 5 4 6 3 1 5 7 3 8 8 2 1 7 4 3 8 
5 2 4 4 1 8 7 3 5 6 5 5 9 1 2 7 3 7 7 2 8 7 4 3 8 
          * 6 6 7 7 3 4 3 4 4 9 8 8 5 5 4 1 8 6 3 
  7 9 7 8 6 4 2 9 3 2 3 7 7 4 4 4 5 1 9 5 5 9 2 7 
  3 5 1 1 1 9 2 1 2 1 8 9 2 7 9 3 3 5 1 4 8 9 2   
  6 5 9 2 4 8 4 3 5 1 3 3 2 5 5 7 8 1 4 4 4 8   4 
  4 4 9 3 9 9 7 7 3 1 2 8 2 6 5 2 3 8 3 3 4   7 8 
  8 4 3 9 8 4 5 4 5 1 1 5 8 6 1 3 5 1 2 6   6 3 2 
  3 4 8 1 8 6 5 2 5 7 4 3 1 6 5 3 7 9 4   6 5 3 8 
  8 5 8 1 9 4 7 9 1 9 5 1 5 2 6 5 8 1   9 4 4 5 9 
  4 7 3 6 6 1 5 9 7 1 9 4 6 9 8 9 6   1 6 3 1 8 8 
  6 2 9 6 8 2 5 7 8 9 6 7 6 6 4 5   3 9 4 6 3 1 6 
  8 7 9 1 7 1 7 2 5 9 1 7 8 6   7 1   8 4 3 2 7 8 
  9 4 9 6 2 7 2 9 2 6 7 3 3     2 9 3   2 4 1 6 8 
  3 7 4 8 7 7 8 8 7 2 4 8   6   7 4 9 3   4 3 5 6 
  7 5 7 4 8 4 2 8 5 2 3   7 7   4 3 7 9 7   8 3 4 
  6 9 6 5 7 6 4 1 9 1   6 7 5   7 4 3 2 4 8   7 6 
  6 7 9 3 2 8 7 1 1   3 2 5 7   7 8 6 8 8 1 6   4 
  2 4 8 8 6 4 4 7   8 2 1 7 7                     
                  5 2 3 8 3 8 6 8 5 6 8 6 8 2 9 7 
8 8 6 8 6 6 3 5 4 7 4 1 3 5 2 8 3 3 7 9 6 1 7 2 8 

Step 11:
6 4 2 8 8 8 9 3 8 4 6 5 1 2 5 4 4 5 4 5 3 4 5 4 7 
1 1 3 3 8 4 2 7 8 7 2 5 3 2 2 3 6 7 4 7 8 6 2 4 3 
2 2 4 7 6 8 1 9 3 2 1 4 3 7 8 2 9 6 2 7 1 5 6 4 1 
5 3 1 4 9 1 3 4 1 5 8 4 8 2 6 3 2 3 1 5 7 3 2 1 3 
6 5 6 5 2 3 3 5 3 5 4 6 3 1 5 7 3 8 8 2 1 7 4 3 8 
5 2 4 4 1 8 7 3 5 6 5 5 9 1 2 7 3 7 7 2 8 7 4 3 8 
            6 6 7 7 3 4 3 4 4 9 8 8 5 5 4 1 8 6 3 
  7 9 7 8   4 2 9 3 2 3 7 7 4 4 4 5 1 9 5 5 9 2 7 
  3 5 1 1   9 2 1 2 1 8 9 2 7 9 3 3 5 1 4 8 9 2   
  6 5 9 2   8 4 3 5 1 3 3 2 5 5 7 8 1 4 4 4 8   4 
  4 4 9 3   9 7 7 3 1 2 8 2 6 5 2 3 8 3 3 4   7 8 
  8 4 3 9   4 5 4 5 1 1 5 8 6 1 3 5 1 2 6   6 3 2 
  3 4 8 1 * 6 5 2 5 7 4 3 1 6 5 3 7 9 4   6 5 3 8 
  8 5 8 1 9 4 7 9 1 9 5 1 5 2 6 5 8 1   9 4 4 5 9 
  4 7 3 6 6 1 5 9 7 1 9 4 6 9 8 9 6   1 6 3 1 8 8 
  6 2 9 6 8 2 5 7 8 9 6 7 6 6 4 5   3 9 4 6 3 1 6 
  8 7 9 1 7 1 7 2 5 9 1 7 8 6   7 1   8 4 3 2 7 8 
  9 4 9 6 2 7 2 9 2 6 7 3 3     2 9 3   2 4 1 6 8 
  3 7 4 8 7 7 8 8 7 2 4 8   6   7 4 9 3   4 3 5 6 
  7 5 7 4 8 4 2 8 5 2 3   7 7   4 3 7 9 7   8 3 4 
  6 9 6 5 7 6 4 1 9 1   6 7 5   7 4 3 2 4 8   7 6 
  6 7 9 3 2 8 7 1 1   3 2 5 7   7 8 6 8 8 1 6   4 
  2 4 8 8 6 4 4 7   8 2 1 7 7                     
                  5 2 3 8 3 8 6 8 5 6 8 6 8 2 9 7 
8 8 6 8 6 6 3 5 4 7 4 1 3 5 2 8 3 3 7 9 6 1 7 2 8 

Step 12:
6 4 2 8 8 8 9 3 8 4 6 5 1 2 5 4 4 5 4 5 3 4 5 4 7 
1 1 3 3 8 4 2 7 8 7 2 5 3 2 2 3 6 7 4 7 8 6 2 4 3 
2 2 4 7 6 8 1 9 3 2 1 4 3 7 8 2 9 6 2 7 1 5 6 4 1 
5 3 1 4 9 1 3 4 1 5 8 4 8 2 6 3 2 3 1 5 7 3 2 1 3 
6 5 6 5 2 3 3 5 3 5 4 6 3 1 5 7 3 8 8 2 1 7 4 3 8 
5 2 4 4 1 8 7 3 5 6 5 5 9 1 2 7 3 7 7 2 8 7 4 3 8 
            6 6 7 7 3 4 3 4 4 9 8 8 5 5 4 1 8 6 3 
  7 9 7 8   4 2 9 3 2 3 7 7 4 4 4 5 1 9 5 5 9 2 7 
  3 5 1 1   9 2 1 2 1 8 9 2 7 9 3 3 5 1 4 8 9 2   
  6 5 9 2   8 4 3 5 1 3 3 2 5 5 7 8 1 4 4 4 8   4 
  4 4 9 3   9 7 7 3 1 2 8 2 6 5 2 3 8 3 3 4   7 8 
  8 4 3 9   4 5 4 5 1 1 5 8 6 1 3 5 1 2 6   6 3 2 
  3 4 8 1   6 5 2 5 7 4 3 1 6 5 3 7 9 4   6 5 3 8 
  8 5 8 1   4 7 9 1 9 5 1 5 2 6 5 8 1   9 4 4 5 9 
  4 7 3 6   1 5 9 7 1 9 4 6 9 8 9 6   1 6 3 1 8 8 
  6 2 9 6   2 5 7 8 9 6 7 6 6 4 5   3 9 4 6 3 1 6 
  8 7 9 1   1 7 2 5 9 1 7 8 6   7 1   8 4 3 2 7 8 
  9 4 9 6   7 2 9 2 6 7 3 3     2 9 3   2 4 1 6 8 
  3 7 4 8   7 8 8 7 2 4 8   6   7 4 9 3   4 3 5 6 
  7 5 7 4   4 2 8 5 2 3   7 7   4 3 7 9 7   8 3 4 
  6 9 6 5   6 4 1 9 1   6 7 5   7 4 3 2 4 8   7 6 
  6 7 9 3 * 8 7 1 1   3 2 5 7   7 8 6 8 8 1 6   4 
  2 4 8 8 6 4 4 7   8 2 1 7 7                     
                  5 2 3 8 3 8 6 8 5 6 8 6 8 2 9 7 
8 8 6 8 6 6 3 5 4 7 4 1 3 5 2 8 3 3 7 9 6 1 7 2 8 

Step 13:
6 4 2 8 8 8 9 3 8 4 6 5 1 2 5 4 4 5 4 5 3 4 5 4 7 
1 1 3 3 8 4 2 7 8 7 2 5 3 2 2 3 6 7 4 7 8 6 2 4 3 
2 2 4 7 6 8 1 9 3 2 1 4 3 7 8 2 9 6 2 7 1 5 6 4 1 
5 3 1 4 9 1 3 4 1 5 8 4 8 2 6 3 2 3 1 5 7 3 2 1 3 
6 5 6 5 2 3 3 5 3 5 4 6 3 1 5 7 3 8 8 2 1 7 4 3 8 
5 2 4 4 1 8 7 3 5 6 5 5 9 1 2 7 3 7 7 2 8 7 4 3 8 
            6 6 7 7 3 4 3 4 4 9 8 8 5 5 4 1 8 6 3 
  7 9 7 8   4 2 9 3 2 3 7 7 4 4 4 5 1 9 5 5 9 2 7 
  3 5 1 1   9 2 1 2 1 8 9 2 7 9 3 3 5 1 4 8 9 2   
  6 5 9 2   8 4 3 5 1 3 3 2 5 5 7 8 1 4 4 4 8   4 
  4 4 9 3   9 7 7 3 1 2 8 2 6 5 2 3 8 3 3 4   7 8 
  8 4 3 9   4 5 4 5 1 1 5 8 6 1 3 5 1 2 6   6 3 2 
  3 4 8 1   6 5 2 5 7 4 3 1 6 5 3 7 9 4   6 5 3 8 
  8 5 8 1   4 7 9 1 9 5 1 5 2 6 5 8 1   9 4 4 5 9 
  4 7 3 6   1 5 9 7 1 9 4 6 9 8 9 6   1 6 3 1 8 8 
  6 2 9 6   2 5 7 8 9 * 7 6 6 4 5   3 9 4 6 3 1 6 
  8 7 9 1   1 7 2 5   1 7 8 6   7 1   8 4 3 2 7 8 
  9 4 9 6   7 2 9   6 7 3 3     2 9 3   2 4 1 6 8 
  3 7 4 8   7 8   7 2 4 8   6   7 4 9 3   4 3 5 6 
  7 5 7 4   4   8 5 2 3   7 7   4 3 7 9 7   8 3 4 
  6 9 6 5     4 1 9 1   6 7 5   7 4 3 2 4 8   7 6 
  6 7 9 3   8 7 1 1   3 2 5 7   7 8 6 8 8 1 6   4 
  2 4 8 8 6 4 4 7   8 2 1 7 7                     
                  5 2 3 8 3 8 6 8 5 6 8 6 8 2 9 7 
8 8 6 8 6 6 3 5 4 7 4 1 3 5 2 8 3 3 7 9 6 1 7 2 8 

Step 14:
6 4 2 8 8 8 9 3 8 4 6 5 1 2 5 4 4 5 4 5 3 4 5 4 7 
1 1 3 3 8 4 2 7 8 7 2 5 3 2 2 3 6 7 4 7 8 6 2 4 3 
2 2 4 7 6 8 1 9 3 2 1 4 3 7 8 2 9 6 2 7 1 5 6 4 1 
5 3 1 4 9 1 3 4 1 5 8 4 8 2 6 3 2 3 1 5 7 3 2 1 3 
6 5 6 5 2 3 3 5 3 5 4 6 3 1 5 7 3 8 8 2 1 7 4 3 8 
5 2 4 4 1 8 7 3 5 6 5 5 9 1 2 7 3 7 7 2 8 7 4 3 8 
            6 6 7 7 3 4 3 4 4 9 8 8 5 5 4 1 8 6 3 
  7 9 7 8   4 2 9 3 2 3 7 7 4 4 4 5 1 9 5 5 9 2 7 
  3 5 1 1   9 2 1 2 1 8 9 2 7 9 3 3 5 1 4 8 9 2   
  6 5 9 2   8 4 3 5 1 3 3 2 5 5 7 8 1 4 4 4 8   4 
  4 4 9 3   9 7 7 3 1 2 8 2 6 5 2 3 8 3 3 4   7 8 
  8 4 3 9   4 5 4 5 1 1 5 8 6 1 3 5 1 2 6   6 3 2 
  3 4 8 1   6 5 2 5 7 4 3 1 6 5 3 7 9 4   6 5 3 8 
  8 5 8 1   4 7 9 1 9 5 1 5 2 6 5 8 1   9 4 4 5 9 
  4 7 3 6   1 5 9 7 * 9 4 6 9 8 9 6   1 6 3 1 8 8 
  6 2 9 6   2 5 7 8 9   7 6 6 4 5   3 9 4 6 3 1 6 
  8 7 9 1   1 7 2 5   1 7 8 6   7 1   8 4 3 2 7 8 
  9 4 9 6   7 2 9   6 7 3 3     2 9 3   2 4 1 6 8 
  3 7 4 8   7 8   7 2 4 8   6   7 4 9 3   4 3 5 6 
  7 5 7 4   4   8 5 2 3   7 7   4 3 7 9 7   8 3 4 
  6 9 6 5     4 1 9 1   6 7 5   7 4 3 2 4 8   7 6 
  6 7 9 3   8 7 1 1   3 2 5 7   7 8 6 8 8 1 6   4 
  2 4 8 8 6 4 4 7   8 2 1 7 7                     
                  5 2 3 8 3 8 6 8 5 6 8 6 8 2 9 7 
8 8 6 8 6 6 3 5 4 7 4 1 3 5 2 8 3 3 7 9 6 1 7 2 8 

Step 15:
6 4 2 8 8 8 9 3 8 4 6 5 1 2 5 4 4 5 4 5 3 4 5 4 7 
1 1 3 3 8 4 2 7 8 7 2 5 3 2 2 3 6 7 4 7 8 6 2 4 3 
2 2 4 7 6 8 1 9 3 2 1 4 3 7 8 2 9 6 2 7 1 5 6 4 1 
5 3 1 4 9 1 3 4 1 5 8 4 8 2 6 3 2 3 1 5 7 3 2 1 3 
6 5 6 5 2 3 3 5 3 5 4 6 3 1 5 7 3 8 8 2 1 7 4 3 8 
5 2 4 4 1 8 7 3 5 6 5 5 9 1 2 7 3 7 7 2 8 7 4 3 8 
            6 6 7 7 3 4 3 4 4 9 8 8 5 5 4 1 8 6 3 
  7 9 7 8   4 2 9 3 2 3 7 7 4 4 4 5 1 9 5 5 9 2 7 
  3 5 1 1   9 2 1 2 1 8 9 2 7 9 3 3 5 1 4 8 9 2   
  6 5 9 2   8 4 3 5 1 3 3 2 5 5 7 8 1 4 4 4 8   4 
  4 4 9 3   9 7 7 3 1 2 8 2 6 5 2 3 8 3 3 4   7 8 
  8 4 3 9   4 5 4 5 1 1 5 8 6 1 3 5 1 2 6   6 3 2 
  3 4 8 1   6 5 2 5 7 4 3 1 6 5 3 7 9 4   6 5 3 8 
  8 5 8 1   4 7 9 * 9 5 1 5 2 6 5 8 1   9 4 4 5 9 
  4 7 3 6   1 5 9 7   9 4 6 9 8 9 6   1 6 3 1 8 8 
  6 2 9 6   2 5 7 8 9   7 6 6 4 5   3 9 4 6 3 1 6 
  8 7 9 1   1 7 2 5   1 7 8 6   7 1   8 4 3 2 7 8 
  9 4 9 6   7 2 9   6 7 3 3     2 9 3   2 4 1 6 8 
  3 7 4 8   7 8   7 2 4 8   6   7 4 9 3   4 3 5 6 
  7 5 7 4   4   8 5 2 3   7 7   4 3 7 9 7   8 3 4 
  6 9 6 5     4 1 9 1   6 7 5   7 4 3 2 4 8   7 6 
  6 7 9 3   8 7 1 1   3 2 5 7   7 8 6 8 8 1 6   4 
  2 4 8 8 6 4 4 7   8 2 1 7 7                     
                  5 2 3 8 3 8 6 8 5 6 8 6 8 2 9 7 
8 8 6 8 6 6 3 5 4 7 4 1 3 5 2 8 3 3 7 9 6 1 7 2 8 

Step 16:
6 4 2 8 8 8 9 3 8 4 6 5 1 2 5 4 4 5 4 5 3 4 5 4 7 
1 1 3 3 8 4 2 7 8 7 2 5 3 2 2 3 6 7 4 7 8 6 2 4 3 
2 2 4 7 6 8 1 9 3 2 1 4 3 7 8 2 9 6 2 7 1 5 6 4 1 
5 3 1 4 9 1 3 4 1 5 8 4 8 2 6 3 2 3 1 5 7 3 2 1 3 
6 5 6 5 2 3 3 5 3 5 4 6 3 1 5 7 3 8 8 2 1 7 4 3 8 
5 2 4 4 1 8 7 3 5 6 5 5 9 1 2 7 3 7 7 2 8 7 4 3 8 
            6 6 7 7 3 4 3 4 4 9 8 8 5 5 4 1 8 6 3 
  7 9 7 8   4 2 9 3 2 3 7 7 4 4 4 5 1 9 5 5 9 2 7 
  3 5 1 1   9 2 1 * 1 8 9 2 7 9 3 3 5 1 4 8 9 2   
  6 5 9 2   8 4 3   1 3 3 2 5 5 7 8 1 4 4 4 8   4 
  4 4 9 3   9 7 7   1 2 8 2 6 5 2 3 8 3 3 4   7 8 
  8 4 3 9   4 5 4   1 1 5 8 6 1 3 5 1 2 6   6 3 2 
  3 4 8 1   6 5 2   7 4 3 1 6 5 3 7 9 4   6 5 3 8 
  8 5 8 1   4 7 9   9 5 1 5 2 6 5 8 1   9 4 4 5 9 
  4 7 3 6   1 5 9 7   9 4 6 9 8 9 6   1 6 3 1 8 8 
  6 2 9 6   2 5 7 8 9   7 6 6 4 5   3 9 4 6 3 1 6 
  8 7 9 1   1 7 2 5   1 7 8 6   7 1   8 4 3 2 7 8 
  9 4 9 6   7 2 9   6 7 3 3     2 9 3   2 4 1 6 8 
  3 7 4 8   7 8   7 2 4 8   6   7 4 9 3   4 3 5 6 
  7 5 7 4   4   8 5 2 3   7 7   4 3 7 9 7   8 3 4 
  6 9 6 5     4 1 9 1   6 7 5   7 4 3 2 4 8   7 6 
  6 7 9 3   8 7 1 1   3 2 5 7   7 8 6 8 8 1 6   4 
  2 4 8 8 6 4 4 7   8 2 1 7 7                     
                  5 2 3 8 3 8 6 8 5 6 8 6 8 2 9 7 
8 8 6 8 6 6 3 5 4 7 4 1 3 5 2 8 3 3 7 9 6 1 7 2 8 

Step 17:
6 4 2 8 8 8 9 3 8 4 6 5 1 2 5 4 4 5 4 5 3 4 5 4 7 
1 1 3 3 8 4 2 7 8 7 2 5 3 2 2 3 6 7 4 7 8 6 2 4 3 
2 2 4 7 6 8 1 9 3 2 1 4 3 7 8 2 9 6 2 7 1 5 6 4 1 
5 3 1 4 9 1 3 4 1 5 8 4 8 2 6 3 2 3 1 5 7 3 2 1 3 
6 5 6 5 2 3 3 5 3 5 4 6 3 1 5 7 3 8 8 2 1 7 4 3 8 
5 2 4 4 1 8 7 3 5 6 5 5 9 1 2 7 3 7 7 2 8 7 4 3 8 
            6 6 7 7 3 4 3 4 4 9 8 8 5 5 4 1 8 6 3 
  7 9 7 8   4 2 9 3 2 3 7 7 4 4 4 5 1 9 5 5 9 2 7 
  3 5 1 1   9 2 1   1 8 9 2 7 9 3 3 5 1 4 8 9 2   
  6 5 9 2   8 4     1 3 3 2 5 5 7 8 1 4 4 4 8   4 
  4 4 9 3   9   7   1 2 8 2 6 5 2 3 8 3 3 4   7 8 
  8 4 3 9   * 5 4   1 1 5 8 6 1 3 5 1 2 6   6 3 2 
  3 4 8 1   6 5 2   7 4 3 1 6 5 3 7 9 4   6 5 3 8 
  8 5 8 1   4 7 9   9 5 1 5 2 6 5 8 1   9 4 4 5 9 
  4 7 3 6   1 5 9 7   9 4 6 9 8 9 6   1 6 3 1 8 8 
  6 2 9 6   2 5 7 8 9   7 6 6 4 5   3 9 4 6 3 1 6 
  8 7 9 1   1 7 2 5   1 7 8 6   7 1   8 4 3 2 7 8 
  9 4 9 6   7 2 9   6 7 3 3     2 9 3   2 4 1 6 8 
  3 7 4 8   7 8   7 2 4 8   6   7 4 9 3   4 3 5 6 
  7 5 7 4   4   8 5 2 3   7 7   4 3 7 9 7   8 3 4 
  6 9 6 5     4 1 9 1   6 7 5   7 4 3 2 4 8   7 6 
  6 7 9 3   8 7 1 1   3 2 5 7   7 8 6 8 8 1 6   4 
  2 4 8 8 6 4 4 7   8 2 1 7 7                     
                  5 2 3 8 3 8 6 8 5 6 8 6 8 2 9 7 
8 8 6 8 6 6 3 5 4 7 4 1 3 5 2 8 3 3 7 9 6 1 7 2 8 

Step 18:
6 4 2 8 8 8 9 3 8 4 6 5 1 2 5 4 4 5 4 5 3 4 5 4 7 
1 1 3 3 8 4 2 7 8 7 2 5 3 2 2 3 6 7 4 7 8 6 2 4 3 
2 2 4 7 6 8 * 9 3 2 1 4 3 7 8 2 9 6 2 7 1 5 6 4 1 
5 3 1 4 9 1   4 1 5 8 4 8 2 6 3 2 3 1 5 7 3 2 1 3 
6 5 6 5 2 3   5 3 5 4 6 3 1 5 7 3 8 8 2 1 7 4 3 8 
5 2 4 4 1 8   3 5 6 5 5 9 1 2 7 3 7 7 2 8 7 4 3 8 
              6 7 7 3 4 3 4 4 9 8 8 5 5 4 1 8 6 3 
  7 9 7 8     2 9 3 2 3 7 7 4 4 4 5 1 9 5 5 9 2 7 
  3 5 1 1     2 1   1 8 9 2 7 9 3 3 5 1 4 8 9 2   
  6 5 9 2     4     1 3 3 2 5 5 7 8 1 4 4 4 8   4 
  4 4 9 3       7   1 2 8 2 6 5 2 3 8 3 3 4   7 8 
  8 4 3 9     5 4   1 1 5 8 6 1 3 5 1 2 6   6 3 2 
  3 4 8 1   6 5 2   7 4 3 1 6 5 3 7 9 4   6 5 3 8 
  8 5 8 1   4 7 9   9 5 1 5 2 6 5 8 1   9 4 4 5 9 
  4 7 3 6   1 5 9 7   9 4 6 9 8 9 6   1 6 3 1 8 8 
  6 2 9 6   2 5 7 8 9   7 6 6 4 5   3 9 4 6 3 1 6 
  8 7 9 1   1 7 2 5   1 7 8 6   7 1   8 4 3 2 7 8 
  9 4 9 6   7 2 9   6 7 3 3     2 9 3   2 4 1 6 8 
  3 7 4 8   7 8   7 2 4 8   6   7 4 9 3   4 3 5 6 
  7 5 7 4   4   8 5 2 3   7 7   4 3 7 9 7   8 3 4 
  6 9 6 5     4 1 9 1   6 7 5   7 4 3 2 4 8   7 6 
  6 7 9 3   8 7 1 1   3 2 5 7   7 8 6 8 8 1 6   4 
  2 4 8 8 6 4 4 7   8 2 1 7 7                     
                  5 2 3 8 3 8 6 8 5 6 8 6 8 2 9 7 
8 8 6 8 6 6 3 5 4 7 4 1 3 5 2 8 3 3 7 9 6 1 7 2 8 

Step 19:
6 4 2 8 8 8 9 3 8 4 6 5 1 2 5 4 4 5 4 5 3 4 5 4 7 
1 1 3 3 8 4 2 7 8 7 2 5 3 2 2 3 6 7 4 7 8 6 2 4 3 
2 2 4 7 6 8   9 3 2 1 4 3 7 8 2 9 6 2 7 1 5 6 4 1 
5 3 1 4 9 1     1 5 8 4 8 2 6 3 2 3 1 5 7 3 2 1 3 
6 5 6 5 2 3   5   5 4 6 3 1 5 7 3 8 8 2 1 7 4 3 8 
5 2 4 4 1 8   3 5   5 5 9 1 2 7 3 7 7 2 8 7 4 3 8 
              6 7 7 * 4 3 4 4 9 8 8 5 5 4 1 8 6 3 
  7 9 7 8     2 9 3 2 3 7 7 4 4 4 5 1 9 5 5 9 2 7 
  3 5 1 1     2 1   1 8 9 2 7 9 3 3 5 1 4 8 9 2   
  6 5 9 2     4     1 3 3 2 5 5 7 8 1 4 4 4 8   4 
  4 4 9 3       7   1 2 8 2 6 5 2 3 8 3 3 4   7 8 
  8 4 3 9     5 4   1 1 5 8 6 1 3 5 1 2 6   6 3 2 
  3 4 8 1   6 5 2   7 4 3 1 6 5 3 7 9 4   6 5 3 8 
  8 5 8 1   4 7 9   9 5 1 5 2 6 5 8 1   9 4 4 5 9 
  4 7 3 6   1 5 9 7   9 4 6 9 8 9 6   1 6 3 1 8 8 
  6 2 9 6   2 5 7 8 9   7 6 6 4 5   3 9 4 6 3 1 6 
  8 7 9 1   1 7 2 5   1 7 8 6   7 1   8 4 3 2 7 8 
  9 4 9 6   7 2 9   6 7 3 3     2 9 3   2 4 1 6 8 
  3 7 4 8   7 8   7 2 4 8   6   7 4 9 3   4 3 5 6 
  7 5 7 4   4   8 5 2 3   7 7   4 3 7 9 7   8 3 4 
  6 9 6 5     4 1 9 1   6 7 5   7 4 3 2 4 8   7 6 
  6 7 9 3   8 7 1 1   3 2 5 7   7 8 6 8 8 1 6   4 
  2 4 8 8 6 4 4 7   8 2 1 7 7                     
                  5 2 3 8 3 8 6 8 5 6 8 6 8 2 9 7 
8 8 6 8 6 6 3 5 4 7 4 1 3 5 2 8 3 3 7 9 6 1 7 2 8 

Step 20:
6 4 2 8 8 8 9 3 8 4 6 5 1 2 5 4 4 5 4 5 3 4 5 4 7 
1 1 3 3 8 4 2 7 8 7 2 5 3 2 2 * 6 7 4 7 8 6 2 4 3 
2 2 4 7 6 8   9 3 2 1 4 3 7   2 9 6 2 7 1 5 6 4 1 
5 3 1 4 9 1     1 5 8 4 8   6 3 2 3 1 5 7 3 2 1 3 
6 5 6 5 2 3   5   5 4 6   1 5 7 3 8 8 2 1 7 4 3 8 
5 2 4 4 1 8   3 5   5   9 1 2 7 3 7 7 2 8 7 4 3 8 
              6 7 7   4 3 4 4 9 8 8 5 5 4 1 8 6 3 
  7 9 7 8     2 9 3 2 3 7 7 4 4 4 5 1 9 5 5 9 2 7 
  3 5 1 1     2 1   1 8 9 2 7 9 3 3 5 1 4 8 9 2   
  6 5 9 2     4     1 3 3 2 5 5 7 8 1 4 4 4 8   4 
  4 4 9 3       7   1 2 8 2 6 5 2 3 8 3 3 4   7 8 
  8 4 3 9     5 4   1 1 5 8 6 1 3 5 1 2 6   6 3 2 
  3 4 8 1   6 5 2   7 4 3 1 6 5 3 7 9 4   6 5 3 8 
  8 5 8 1   4 7 9   9 5 1 5 2 6 5 8 1   9 4 4 5 9 
  4 7 3 6   1 5 9 7   9 4 6 9 8 9 6   1 6 3 1 8 8 
  6 2 9 6   2 5 7 8 9   7 6 6 4 5   3 9 4 6 3 1 6 
  8 7 9 1   1 7 2 5   1 7 8 6   7 1   8 4 3 2 7 8 
  9 4 9 6   7 2 9   6 7 3 3     2 9 3   2 4 1 6 8 
  3 7 4 8   7 8   7 2 4 8   6   7 4 9 3   4 3 5 6 
  7 5 7 4   4   8 5 2 3   7 7   4 3 7 9 7   8 3 4 
  6 9 6 5     4 1 9 1   6 7 5   7 4 3 2 4 8   7 6 
  6 7 9 3   8 7 1 1   3 2 5 7   7 8 6 8 8 1 6   4 
  2 4 8 8 6 4 4 7   8 2 1 7 7                     
                  5 2 3 8 3 8 6 8 5 6 8 6 8 2 9 7 
8 8 6 8 6 6 3 5 4 7 4 1 3 5 2 8 3 3 7 9 6 1 7 2 8 

Step 21:
6 4 2 8 8 8 9 3 8 4 6 5 1 2 5 4 4 5 4 5 3 4 5 4 7 
1 1 3 3 8 4 2 7 8 7 2 5 3 2 2             * 2 4 3 
2 2 4 7 6 8   9 3 2 1 4 3 7   2 9 6 2 7 1 5 6 4 1 
5 3 1 4 9 1     1 5 8 4 8   6 3 2 3 1 5 7 3 2 1 3 
6 5 6 5 2 3   5   5 4 6   1 5 7 3 8 8 2 1 7 4 3 8 
5 2 4 4 1 8   3 5   5   9 1 2 7 3 7 7 2 8 7 4 3 8 
              6 7 7   4 3 4 4 9 8 8 5 5 4 1 8 6 3 
  7 9 7 8     2 9 3 2 3 7 7 4 4 4 5 1 9 5 5 9 2 7 
  3 5 1 1     2 1   1 8 9 2 7 9 3 3 5 1 4 8 9 2   
  6 5 9 2     4     1 3 3 2 5 5 7 8 1 4 4 4 8   4 
  4 4 9 3       7   1 2 8 2 6 5 2 3 8 3 3 4   7 8 
  8 4 3 9     5 4   1 1 5 8 6 1 3 5 1 2 6   6 3 2 
  3 4 8 1   6 5 2   7 4 3 1 6 5 3 7 9 4   6 5 3 8 
  8 5 8 1   4 7 9   9 5 1 5 2 6 5 8 1   9 4 4 5 9 
  4 7 3 6   1 5 9 7   9 4 6 9 8 9 6   1 6 3 1 8 8 
  6 2 9 6   2 5 7 8 9   7 6 6 4 5   3 9 4 6 3 1 6 
  8 7 9 1   1 7 2 5   1 7 8 6   7 1   8 4 3 2 7 8 
  9 4 9 6   7 2 9   6 7 3 3     2 9 3   2 4 1 6 8 
  3 7 4 8   7 8   7 2 4 8   6   7 4 9 3   4 3 5 6 
  7 5 7 4   4   8 5 2 3   7 7   4 3 7 9 7   8 3 4 
  6 9 6 5     4 1 9 1   6 7 5   7 4 3 2 4 8   7 6 
  6 7 9 3   8 7 1 1   3 2 5 7   7 8 6 8 8 1 6   4 
  2 4 8 8 6 4 4 7   8 2 1 7 7                     
                  5 2 3 8 3 8 6 8 5 6 8 6 8 2 9 7 
8 8 6 8 6 6 3 5 4 7 4 1 3 5 2 8 3 3 7 9 6 1 7 2 8 

Step 22:
6 4 2 8 8 8 9 3 8 4 6 5 1 2 5 4 4 5 4 5 3 4 5 4 7 
1 1 3 3 8 4 2 7 8 7 2 5 3 2 2                 * 3 
2 2 4 7 6 8   9 3 2 1 4 3 7   2 9 6 2 7 1 5 6 4 1 
5 3 1 4 9 1     1 5 8 4 8   6 3 2 3 1 5 7 3 2 1 3 
6 5 6 5 2 3   5   5 4 6   1 5 7 3 8 8 2 1 7 4 3 8 
5 2 4 4 1 8   3 5   5   9 1 2 7 3 7 7 2 8 7 4 3 8 
              6 7 7   4 3 4 4 9 8 8 5 5 4 1 8 6 3 
  7 9 7 8     2 9 3 2 3 7 7 4 4 4 5 1 9 5 5 9 2 7 
  3 5 1 1     2 1   1 8 9 2 7 9 3 3 5 1 4 8 9 2   
  6 5 9 2     4     1 3 3 2 5 5 7 8 1 4 4 4 8   4 
  4 4 9 3       7   1 2 8 2 6 5 2 3 8 3 3 4   7 8 
  8 4 3 9     5 4   1 1 5 8 6 1 3 5 1 2 6   6 3 2 
  3 4 8 1   6 5 2   7 4 3 1 6 5 3 7 9 4   6 5 3 8 
  8 5 8 1   4 7 9   9 5 1 5 2 6 5 8 1   9 4 4 5 9 
  4 7 3 6   1 5 9 7   9 4 6 9 8 9 6   1 6 3 1 8 8 
  6 2 9 6   2 5 7 8 9   7 6 6 4 5   3 9 4 6 3 1 6 
  8 7 9 1   1 7 2 5   1 7 8 6   7 1   8 4 3 2 7 8 
  9 4 9 6   7 2 9   6 7 3 3     2 9 3   2 4 1 6 8 
  3 7 4 8   7 8   7 2 4 8   6   7 4 9 3   4 3 5 6 
  7 5 7 4   4   8 5 2 3   7 7   4 3 7 9 7   8 3 4 
  6 9 6 5     4 1 9 1   6 7 5   7 4 3 2 4 8   7 6 
  6 7 9 3   8 7 1 1   3 2 5 7   7 8 6 8 8 1 6   4 
  2 4 8 8 6 4 4 7   8 2 1 7 7                     
                  5 2 3 8 3 8 6 8 5 6 8 6 8 2 9 7 
8 8 6 8 6 6 3 5 4 7 4 1 3 5 2 8 3 3 7 9 6 1 7 2 8 

Step 23:
6 4 2 8 8 8 9 3 8 4 6 5 1 2 5 4 4 5 4 5 3 4 5 4 7 
1 1 3 3 8 4 2 7 8 7 2 5 3 2 2                   3 
2 2 4 7 6 8   9 3 2 1 4 3 7   2 9 6 2 7 1 5 6 4 * 
5 3 1 4 9 1     1 5 8 4 8   6 3 2 3 1 5 7 3 2 1 3 
6 5 6 5 2 3   5   5 4 6   1 5 7 3 8 8 2 1 7 4 3 8 
5 2 4 4 1 8   3 5   5   9 1 2 7 3 7 7 2 8 7 4 3 8 
              6 7 7   4 3 4 4 9 8 8 5 5 4 1 8 6 3 
  7 9 7 8     2 9 3 2 3 7 7 4 4 4 5 1 9 5 5 9 2 7 
  3 5 1 1     2 1   1 8 9 2 7 9 3 3 5 1 4 8 9 2   
  6 5 9 2     4     1 3 3 2 5 5 7 8 1 4 4 4 8   4 
  4 4 9 3       7   1 2 8 2 6 5 2 3 8 3 3 4   7 8 
  8 4 3 9     5 4   1 1 5 8 6 1 3 5 1 2 6   6 3 2 
  3 4 8 1   6 5 2   7 4 3 1 6 5 3 7 9 4   6 5 3 8 
  8 5 8 1   4 7 9   9 5 1 5 2 6 5 8 1   9 4 4 5 9 
  4 7 3 6   1 5 9 7   9 4 6 9 8 9 6   1 6 3 1 8 8 
  6 2 9 6   2 5 7 8 9   7 6 6 4 5   3 9 4 6 3 1 6 
  8 7 9 1   1 7 2 5   1 7 8 6   7 1   8 4 3 2 7 8 
  9 4 9 6   7 2 9   6 7 3 3     2 9 3   2 4 1 6 8 
  3 7 4 8   7 8   7 2 4 8   6   7 4 9 3   4 3 5 6 
  7 5 7 4   4   8 5 2 3   7 7   4 3 7 9 7   8 3 4 
  6 9 6 5     4 1 9 1   6 7 5   7 4 3 2 4 8   7 6 
  6 7 9 3   8 7 1 1   3 2 5 7   7 8 6 8 8 1 6   4 
  2 4 8 8 6 4 4 7   8 2 1 7 7                     
                  5 2 3 8 3 8 6 8 5 6 8 6 8 2 9 7 
8 8 6 8 6 6 3 5 4 7 4 1 3 5 2 8 3 3 7 9 6 1 7 2 8 

Step 24:
6 4 2 8 8 8 9 3 8 4 6 5 1 2 5 4 4 5 4 5 3 4 5 4 7 
1 1 3 3 8 4 2 7 8 7 2 5 3 2 2                   3 
2 2 4 7 6 8   9 3 2 1 4 3 7   2 9 6 2 7 1 5 6 4   
5 3 1 4 9 1     1 5 8 4 8   6 3 2 3 1 5 7 3 2 * 3 
6 5 6 5 2 3   5   5 4 6   1 5 7 3 8 8 2 1 7 4 3 8 
5 2 4 4 1 8   3 5   5   9 1 2 7 3 7 7 2 8 7 4 3 8 
              6 7 7   4 3 4 4 9 8 8 5 5 4 1 8 6 3 
  7 9 7 8     2 9 3 2 3 7 7 4 4 4 5 1 9 5 5 9 2 7 
  3 5 1 1     2 1   1 8 9 2 7 9 3 3 5 1 4 8 9 2   
  6 5 9 2     4     1 3 3 2 5 5 7 8 1 4 4 4 8   4 
  4 4 9 3       7   1 2 8 2 6 5 2 3 8 3 3 4   7 8 
  8 4 3 9     5 4   1 1 5 8 6 1 3 5 1 2 6   6 3 2 
  3 4 8 1   6 5 2   7 4 3 1 6 5 3 7 9 4   6 5 3 8 
  8 5 8 1   4 7 9   9 5 1 5 2 6 5 8 1   9 4 4 5 9 
  4 7 3 6   1 5 9 7   9 4 6 9 8 9 6   1 6 3 1 8 8 
  6 2 9 6   2 5 7 8 9   7 6 6 4 5   3 9 4 6 3 1 6 
  8 7 9 1   1 7 2 5   1 7 8 6   7 1   8 4 3 2 7 8 
  9 4 9 6   7 2 9   6 7 3 3     2 9 3   2 4 1 6 8 
  3 7 4 8   7 8   7 2 4 8   6   7 4 9 3   4 3 5 6 
  7 5 7 4   4   8 5 2 3   7 7   4 3 7 9 7   8 3 4 
  6 9 6 5     4 1 9 1   6 7 5   7 4 3 2 4 8   7 6 
  6 7 9 3   8 7 1 1   3 2 5 7   7 8 6 8 8 1 6   4 
  2 4 8 8 6 4 4 7   8 2 1 7 7                     
                  5 2 3 8 3 8 6 8 5 6 8 6 8 2 9 7 
8 8 6 8 6 6 3 5 4 7 4 1 3 5 2 8 3 3 7 9 6 1 7 2 8 

Step 25:
6 4 2 8 8 8 9 3 8 4 6 5 1 2 5 4 4 5 4 5 3 4 5 4 7 
1 1 3 3 8 4 2 7 8 7 2 5 3 2 2                   3 
2 2 4 7 6 8   9 3 2 1 4 3 7   2 9 6 2 7 1 5 6 4   
5 3 1 4 9 1     1 5 8 4 8   6 3 2 3 1 5 7 3 2   3 
6 5 6 5 2 3   5   5 4 6   1 5 7 3 8 8 2 1 7 4   8 
5 2 4 4 1 8   3 5   5   9 1 2 7 3 7 7 2 8 7 4   8 
              6 7 7   4 3 4 4 9 8 8 5 5 4 1 8 * 3 
  7 9 7 8     2 9 3 2 3 7 7 4 4 4 5 1 9 5 5 9 2 7 
  3 5 1 1     2 1   1 8 9 2 7 9 3 3 5 1 4 8 9 2   
  6 5 9 2     4     1 3 3 2 5 5 7 8 1 4 4 4 8   4 
  4 4 9 3       7   1 2 8 2 6 5 2 3 8 3 3 4   7 8 
  8 4 3 9     5 4   1 1 5 8 6 1 3 5 1 2 6   6 3 2 
  3 4 8 1   6 5 2   7 4 3 1 6 5 3 7 9 4   6 5 3 8 
  8 5 8 1   4 7 9   9 5 1 5 2 6 5 8 1   9 4 4 5 9 
  4 7 3 6   1 5 9 7   9 4 6 9 8 9 6   1 6 3 1 8 8 
  6 2 9 6   2 5 7 8 9   7 6 6 4 5   3 9 4 6 3 1 6 
  8 7 9 1   1 7 2 5   1 7 8 6   7 1   8 4 3 2 7 8 
  9 4 9 6   7 2 9   6 7 3 3     2 9 3   2 4 1 6 8 
  3 7 4 8   7 8   7 2 4 8   6   7 4 9 3   4 3 5 6 
  7 5 7 4   4   8 5 2 3   7 7   4 3 7 9 7   8 3 4 
  6 9 6 5     4 1 9 1   6 7 5   7 4 3 2 4 8   7 6 
  6 7 9 3   8 7 1 1   3 2 5 7   7 8 6 8 8 1 6   4 
  2 4 8 8 6 4 4 7   8 2 1 7 7                     
                  5 2 3 8 3 8 6 8 5 6 8 6 8 2 9 7 
8 8 6 8 6 6 3 5 4 7 4 1 3 5 2 8 3 3 7 9 6 1 7 2 8 

Step 26:
6 4 2 8 8 8 9 3 8 4 6 5 1 2 5 4 4 5 4 5 3 4 5 4 7 
1 1 3 3 8 4 2 7 8 7 2 5 3 2 2                   3 
2 2 4 7 6 8   9 3 2 1 4 3 7   2 9 6 2 * 1 5 6 4   
5 3 1 4 9 1     1 5 8 4 8   6 3 2 3 1 5   3 2   3 
6 5 6 5 2 3   5   5 4 6   1 5 7 3 8 8 2 1   4   8 
5 2 4 4 1 8   3 5   5   9 1 2 7 3 7 7 2 8 7     8 
              6 7 7   4 3 4 4 9 8 8 5 5 4 1 8   3 
  7 9 7 8     2 9 3 2 3 7 7 4 4 4 5 1 9 5 5 9 2 7 
  3 5 1 1     2 1   1 8 9 2 7 9 3 3 5 1 4 8 9 2   
  6 5 9 2     4     1 3 3 2 5 5 7 8 1 4 4 4 8   4 
  4 4 9 3       7   1 2 8 2 6 5 2 3 8 3 3 4   7 8 
  8 4 3 9     5 4   1 1 5 8 6 1 3 5 1 2 6   6 3 2 
  3 4 8 1   6 5 2   7 4 3 1 6 5 3 7 9 4   6 5 3 8 
  8 5 8 1   4 7 9   9 5 1 5 2 6 5 8 1   9 4 4 5 9 
  4 7 3 6   1 5 9 7   9 4 6 9 8 9 6   1 6 3 1 8 8 
  6 2 9 6   2 5 7 8 9   7 6 6 4 5   3 9 4 6 3 1 6 
  8 7 9 1   1 7 2 5   1 7 8 6   7 1   8 4 3 2 7 8 
  9 4 9 6   7 2 9   6 7 3 3     2 9 3   2 4 1 6 8 
  3 7 4 8   7 8   7 2 4 8   6   7 4 9 3   4 3 5 6 
  7 5 7 4   4   8 5 2 3   7 7   4 3 7 9 7   8 3 4 
  6 9 6 5     4 1 9 1   6 7 5   7 4 3 2 4 8   7 6 
  6 7 9 3   8 7 1 1   3 2 5 7   7 8 6 8 8 1 6   4 
  2 4 8 8 6 4 4 7   8 2 1 7 7                     
                  5 2 3 8 3 8 6 8 5 6 8 6 8 2 9 7 
8 8 6 8 6 6 3 5 4 7 4 1 3 5 2 8 3 3 7 9 6 1 7 2 8 

Step 27:
6 4 2 8 8 8 9 3 8 4 6 5 1 2 5 4 4 5 4 5 3 4 5 4 7 
1 1 3 3 8 4 2 7 8 7 2 5 3 2 2                   3 
2 2 4 7 6 8   9 3 2 1 4 3 7   2 9 6 2   1 5 6 4   
5 3 1 4 9 1     1 5 8 4 8   6 3 2 3 1     3 2   3 
6 5 6 5 2 3   5   5 4 6   1 5 7 3 8 8   1   4   8 
5 2 4 4 1 8   3 5   5   9 1 2 7 3 7 7   8 7     8 
              6 7 7   4 3 4 4 9 8 8 5   4 1 8   3 
  7 9 7 8     2 9 3 2 3 7 7 4 4 4 5 1 * 5 5 9 2 7 
  3 5 1 1     2 1   1 8 9 2 7 9 3 3 5 1 4 8 9 2   
  6 5 9 2     4     1 3 3 2 5 5 7 8 1 4 4 4 8   4 
  4 4 9 3       7   1 2 8 2 6 5 2 3 8 3 3 4   7 8 
  8 4 3 9     5 4   1 1 5 8 6 1 3 5 1 2 6   6 3 2 
  3 4 8 1   6 5 2   7 4 3 1 6 5 3 7 9 4   6 5 3 8 
  8 5 8 1   4 7 9   9 5 1 5 2 6 5 8 1   9 4 4 5 9 
  4 7 3 6   1 5 9 7   9 4 6 9 8 9 6   1 6 3 1 8 8 
  6 2 9 6   2 5 7 8 9   7 6 6 4 5   3 9 4 6 3 1 6 
  8 7 9 1   1 7 2 5   1 7 8 6   7 1   8 4 3 2 7 8 
  9 4 9 6   7 2 9   6 7 3 3     2 9 3   2 4 1 6 8 
  3 7 4 8   7 8   7 2 4 8   6   7 4 9 3   4 3 5 6 
  7 5 7 4   4   8 5 2 3   7 7   4 3 7 9 7   8 3 4 
  6 9 6 5     4 1 9 1   6 7 5   7 4 3 2 4 8   7 6 
  6 7 9 3   8 7 1 1   3 2 5 7   7 8 6 8 8 1 6   4 
  2 4 8 8 6 4 4 7   8 2 1 7 7                     
                  5 2 3 8 3 8 6 8 5 6 8 6 8 2 9 7 
8 8 6 8 6 6 3 5 4 7 4 1 3 5 2 8 3 3 7 9 6 1 7 2 8 

Step 28:
6 4 2 8 8 8 9 3 8 4 6 5 1 2 5 4 4 5 4 5 3 4 5 4 7 
1 1 3 3 8 4 2 7 8 7 2 5 3 2 2                   3 
2 2 4 7 6 8   9 3 2 1 4 3 7   2 9 6 2   1 5 6 4   
5 3 1 4 9 1     1 5 8 4 8   6 3 2 3 1     3 2   3 
6 5 6 5 2 3   5   5 4 6   1 5 7 3 8 8   1   4   8 
5 2 4 4 1 8   3 5   5   9 1 2 7 3 7 7   8 7     8 
              6 7 7   4 3 4 4 9 8 8 5   4 1 8   3 
  7 9 7 8     2 9 3 2 3 7 7 4 4 4 5 1           * 
  3 5 1 1     2 1   1 8 9 2 7 9 3 3 5 1 4 8 9 2   
  6 5 9 2     4     1 3 3 2 5 5 7 8 1 4 4 4 8   4 
  4 4 9 3       7   1 2 8 2 6 5 2 3 8 3 3 4   7 8 
  8 4 3 9     5 4   1 1 5 8 6 1 3 5 1 2 6   6 3 2 
  3 4 8 1   6 5 2   7 4 3 1 6 5 3 7 9 4   6 5 3 8 
  8 5 8 1   4 7 9   9 5 1 5 2 6 5 8 1   9 4 4 5 9 
  4 7 3 6   1 5 9 7   9 4 6 9 8 9 6   1 6 3 1 8 8 
  6 2 9 6   2 5 7 8 9   7 6 6 4 5   3 9 4 6 3 1 6 
  8 7 9 1   1 7 2 5   1 7 8 6   7 1   8 4 3 2 7 8 
  9 4 9 6   7 2 9   6 7 3 3     2 9 3   2 4 1 6 8 
  3 7 4 8   7 8   7 2 4 8   6   7 4 9 3   4 3 5 6 
  7 5 7 4   4   8 5 2 3   7 7   4 3 7 9 7   8 3 4 
  6 9 6 5     4 1 9 1   6 7 5   7 4 3 2 4 8   7 6 
  6 7 9 3   8 7 1 1   3 2 5 7   7 8 6 8 8 1 6   4 
  2 4 8 8 6 4 4 7   8 2 1 7 7                     
                  5 2 3 8 3 8 6 8 5 6 8 6 8 2 9 7 
8 8 6 8 6 6 3 5 4 7 4 1 3 5 2 8 3 3 7 9 6 1 7 2 8 

Step 29:
6 4 2 8 8 8 9 3 8 4 6 5 1 2 5 4 4 5 4 5 3 4 5 4 7 
1 1 3 3 8 4 2 7 8 7 2 5 3 2 2                   3 
2 2 4 7 6 8   9 3 2 1 4 3 7   2 9 6 2   1 5 6 4   
5 3 1 4 9 1     1 5 8 4 8   6 3 2 3 1     3 2   3 
6 5 6 5 2 3   5   5 4 6   1 5 7 3 8 8   1   4   8 
5 2 4 4 1 8   3 5   5   9 1 2 7 3 7 7   8 7     8 
              6 7 7   4 3 4 4 9 8 8 5   4 1 8   3 
  7 9 7 8     2 9 3 2 3 7 7 4 4 4 5 1             
  3 5 1 1     2 1   1 8 9 2 7 9 3 3 5 1 4 8 9     
  6 5 9 2     4     1 3 3 2 5 5 7 8 1 4 4 4 *   4 
  4 4 9 3       7   1 2 8 2 6 5 2 3 8 3 3 4   7 8 
  8 4 3 9     5 4   1 1 5 8 6 1 3 5 1 2 6   6 3 2 
  3 4 8 1   6 5 2   7 4 3 1 6 5 3 7 9 4   6 5 3 8 
  8 5 8 1   4 7 9   9 5 1 5 2 6 5 8 1   9 4 4 5 9 
  4 7 3 6   1 5 9 7   9 4 6 9 8 9 6   1 6 3 1 8 8 
  6 2 9 6   2 5 7 8 9   7 6 6 4 5   3 9 4 6 3 1 6 
  8 7 9 1   1 7 2 5   1 7 8 6   7 1   8 4 3 2 7 8 
  9 4 9 6   7 2 9   6 7 3 3     2 9 3   2 4 1 6 8 
  3 7 4 8   7 8   7 2 4 8   6   7 4 9 3   4 3 5 6 
  7 5 7 4   4   8 5 2 3   7 7   4 3 7 9 7   8 3 4 
  6 9 6 5     4 1 9 1   6 7 5   7 4 3 2 4 8   7 6 
  6 7 9 3   8 7 1 1   3 2 5 7   7 8 6 8 8 1 6   4 
  2 4 8 8 6 4 4 7   8 2 1 7 7                     
                  5 2 3 8 3 8 6 8 5 6 8 6 8 2 9 7 
8 8 6 8 6 6 3 5 4 7 4 1 3 5 2 8 3 3 7 9 6 1 7 2 8 

Step 30:
6 4 2 8 8 8 9 3 8 4 6 5 1 2 5 4 4 5 4 5 3 4 5 4 7 
1 1 3 3 8 4 2 7 8 7 2 5 3 2 2                   3 
2 2 4 7 6 8   9 3 2 1 4 3 7   2 9 6 2   1 5 6 4   
5 3 1 4 9 1     1 5 8 4 8   6 3 2 3 1     3 2   3 
6 5 6 5 2 3   5   5 4 6   1 5 7 3 8 8   1   4   8 
5 2 4 4 1 8   3 5   5   9 1 2 7 3 7 7   8 7     8 
              6 7 7   4 3 4 4 9 8 8 5   4 1 8   3 
  7 9 7 8     2 9 3 2 3 7 7 4 4 4 5 1             
  3 5 1 1     2 1   1 8 9 2 7 9 3 3 5 1 4 8 9     
  6 5 9 2     4     1 3 3 2 5 5 7 8 *           4 
  4 4 9 3       7   1 2 8 2 6 5 2 3 8 3 3 4   7 8 
  8 4 3 9     5 4   1 1 5 8 6 1 3 5 1 2 6   6 3 2 
  3 4 8 1   6 5 2   7 4 3 1 6 5 3 7 9 4   6 5 3 8 
  8 5 8 1   4 7 9   9 5 1 5 2 6 5 8 1   9 4 4 5 9 
  4 7 3 6   1 5 9 7   9 4 6 9 8 9 6   1 6 3 1 8 8 
  6 2 9 6   2 5 7 8 9   7 6 6 4 5   3 9 4 6 3 1 6 
  8 7 9 1   1 7 2 5   1 7 8 6   7 1   8 4 3 2 7 8 
  9 4 9 6   7 2 9   6 7 3 3     2 9 3   2 4 1 6 8 
  3 7 4 8   7 8   7 2 4 8   6   7 4 9 3   4 3 5 6 
  7 5 7 4   4   8 5 2 3   7 7   4 3 7 9 7   8 3 4 
  6 9 6 5     4 1 9 1   6 7 5   7 4 3 2 4 8   7 6 
  6 7 9 3   8 7 1 1   3 2 5 7   7 8 6 8 8 1 6   4 
  2 4 8 8 6 4 4 7   8 2 1 7 7                     
                  5 2 3 8 3 8 6 8 5 6 8 6 8 2 9 7 
8 8 6 8 6 6 3 5 4 7 4 1 3 5 2 8 3 3 7 9 6 1 7 2 8 

Step 31:
6 4 2 8 8 8 9 3 8 4 6 5 1 2 5 4 4 5 4 5 3 4 5 4 7 
1 1 3 3 8 4 2 7 8 7 2 5 3 2 2                   3 
2 2 4 7 6 8   9 3 2 1 4 3 7   2 9 6 2   1 5 6 4   
5 3 1 4 9 1     1 5 8 4 8   6 3 2 3 1     3 2   3 
6 5 6 5 2 3   5   5 4 6   1 5 7 3 8 8   1   4   8 
5 2 4 4 1 8   3 5   5   9 1 2 7 3 7 7   8 7     8 
              6 7 7   4 3 4 4 9 8 8 5   4 1 8   3 
  7 9 7 8     2 9 3 2 3 7 7 4 4 4 5 1             
  3 5 1 1     2 1   1 8 9 2 7 9 3 3 5 1 4 8 9     
  6 5 9 2     4     1 3 3 2 5 5 7 8             4 
  4 4 9 3       7   1 2 8 2 6 5 2 3 8   3 4   7 8 
  8 4 3 9     5 4   1 1 5 8 6 1 3 5 1 2     6 3 2 
  3 4 8 1   6 5 2   7 4 3 1 6 5 3 7 9 4   * 5 3 8 
  8 5 8 1   4 7 9   9 5 1 5 2 6 5 8 1   9 4 4 5 9 
  4 7 3 6   1 5 9 7   9 4 6 9 8 9 6   1 6 3 1 8 8 
  6 2 9 6   2 5 7 8 9   7 6 6 4 5   3 9 4 6 3 1 6 
  8 7 9 1   1 7 2 5   1 7 8 6   7 1   8 4 3 2 7 8 
  9 4 9 6   7 2 9   6 7 3 3     2 9 3   2 4 1 6 8 
  3 7 4 8   7 8   7 2 4 8   6   7 4 9 3   4 3 5 6 
  7 5 7 4   4   8 5 2 3   7 7   4 3 7 9 7   8 3 4 
  6 9 6 5     4 1 9 1   6 7 5   7 4 3 2 4 8   7 6 
  6 7 9 3   8 7 1 1   3 2 5 7   7 8 6 8 8 1 6   4 
  2 4 8 8 6 4 4 7   8 2 1 7 7                     
                  5 2 3 8 3 8 6 8 5 6 8 6 8 2 9 7 
8 8 6 8 6 6 3 5 4 7 4 1 3 5 2 8 3 3 7 9 6 1 7 2 8 

Step 32:
6 4 2 8 8 8 9 3 8 4 6 5 1 2 5 4 4 5 4 5 3 4 5 4 7 
1 1 3 3 8 4 2 7 8 7 2 5 3 2 2                   3 
2 2 4 7 6 8   9 3 2 1 4 3 7   2 9 6 2   1 5 6 4   
5 3 1 4 9 1     1 5 8 4 8   6 3 2 3 1     3 2   3 
6 5 6 5 2 3   5   5 4 6   1 5 7 3 8 8   1   4   8 
5 2 4 4 1 8   3 5   5   9 1 2 7 3 7 7   8 7     8 
              6 7 7   4 3 4 4 9 8 8 5   4 1 8   3 
  7 9 7 8     2 9 3 2 3 7 7 4 4 4 5 1             
  3 5 1 1     2 1   1 8 9 2 7 9 3 3 5 1 4 8 9     
  6 5 9 2     4     1 3 3 2 5 5 7 8             4 
  4 4 9 3       7   1 2 8 2 6 5 2 3 8   3 4   7 8 
  8 4 3 9     5 4   1 1 5 8 6 1 3 5 1 2     6 3 2 
  3 4 8 1   6 5 2   7 4 3 1 6 5 3 7 9 4     5 3 8 
  8 5 8 1   4 7 9   9 5 1 5 2 6 5 8 1   9   4 5 9 
  4 7 3 6   1 5 9 7   9 4 6 9 8 9 6   1 6   1 8 8 
  6 2 9 6   2 5 7 8 9   7 6 6 4 5   3 9 4   3 1 6 
  8 7 9 1   1 7 2 5   1 7 8 6   7 1   8 4 * 2 7 8 
  9 4 9 6   7 2 9   6 7 3 3     2 9 3   2 4 1 6 8 
  3 7 4 8   7 8   7 2 4 8   6   7 4 9 3   4 3 5 6 
  7 5 7 4   4   8 5 2 3   7 7   4 3 7 9 7   8 3 4 
  6 9 6 5     4 1 9 1   6 7 5   7 4 3 2 4 8   7 6 
  6 7 9 3   8 7 1 1   3 2 5 7   7 8 6 8 8 1 6   4 
  2 4 8 8 6 4 4 7   8 2 1 7 7                     
                  5 2 3 8 3 8 6 8 5 6 8 6 8 2 9 7 
8 8 6 8 6 6 3 5 4 7 4 1 3 5 2 8 3 3 7 9 6 1 7 2 8 

Step 33:
6 4 2 8 8 8 9 3 8 4 6 5 1 2 5 4 4 5 4 5 3 4 5 4 7 
1 1 3 3 8 4 2 7 8 7 2 5 3 2 2                   3 
2 2 4 7 6 8   9 3 2 1 4 3 7   2 9 6 2   1 5 6 4   
5 3 1 4 9 1     1 5 8 4 8   6 3 2 3 1     3 2   3 
6 5 6 5 2 3   5   5 4 6   1 5 7 3 8 8   1   4   8 
5 2 4 4 1 8   3 5   5   9 1 2 7 3 7 7   8 7     8 
              6 7 7   4 3 4 4 9 8 8 5   4 1 8   3 
  7 9 7 8     2 9 3 2 3 7 7 4 4 4 5 1             
  3 5 1 1     2 1   1 8 9 2 7 9 3 3 5 1 4 8 9     
  6 5 9 2     4     1 3 3 2 5 5 7 8             4 
  4 4 9 3       7   1 2 8 2 6 5 2 3 8   3 4   7 8 
  8 4 3 9     5 4   1 1 5 8 6 1 3 5 1 2     6 3 2 
  3 4 8 1   6 5 2   7 4 3 1 6 5 3 * 9 4     5 3 8 
  8 5 8 1   4 7 9   9 5 1 5 2 6 5 8     9   4 5 9 
  4 7 3 6   1 5 9 7   9 4 6 9 8 9 6     6   1 8 8 
  6 2 9 6   2 5 7 8 9   7 6 6 4 5   3 9     3 1 6 
  8 7 9 1   1 7 2 5   1 7 8 6   7 1   8 4   2 7 8 
  9 4 9 6   7 2 9   6 7 3 3     2 9 3   2 4 1 6 8 
  3 7 4 8   7 8   7 2 4 8   6   7 4 9 3   4 3 5 6 
  7 5 7 4   4   8 5 2 3   7 7   4 3 7 9 7   8 3 4 
  6 9 6 5     4 1 9 1   6 7 5   7 4 3 2 4 8   7 6 
  6 7 9 3   8 7 1 1   3 2 5 7   7 8 6 8 8 1 6   4 
  2 4 8 8 6 4 4 7   8 2 1 7 7                     
                  5 2 3 8 3 8 6 8 5 6 8 6 8 2 9 7 
8 8 6 8 6 6 3 5 4 7 4 1 3 5 2 8 3 3 7 9 6 1 7 2 8 

Step 34:
6 4 2 8 8 8 9 3 8 4 6 5 1 2 5 4 4 5 4 5 3 4 5 4 7 
1 1 3 3 8 4 2 7 8 7 2 5 3 2 2                   3 
2 2 4 7 6 8   9 3 2 1 4 3 7   2 9 6 2   1 5 6 4   
5 3 1 4 9 1     1 5 8 4 8   6 3 2 3 1     3 2   3 
6 5 6 5 2 3   5   5 4 6   1 5 7 3 8 8   1   4   8 
5 2 4 4 1 8   3 5   5   9 1 2 7 3 7 7   8 7     8 
              6 7 7   4 3 4 4 9 8 8 5   4 1 8   3 
  7 9 7 8     2 9 3 2 3 7 7 4 4 4 * 1             
  3 5 1 1     2 1   1 8 9 2 7 9 3   5 1 4 8 9     
  6 5 9 2     4     1 3 3 2 5 5 7               4 
  4 4 9 3       7   1 2 8 2 6 5 2   8   3 4   7 8 
  8 4 3 9     5 4   1 1 5 8 6 1 3   1 2     6 3 2 
  3 4 8 1   6 5 2   7 4 3 1 6 5 3   9 4     5 3 8 
  8 5 8 1   4 7 9   9 5 1 5 2 6 5 8     9   4 5 9 
  4 7 3 6   1 5 9 7   9 4 6 9 8 9 6     6   1 8 8 
  6 2 9 6   2 5 7 8 9   7 6 6 4 5   3 9     3 1 6 
  8 7 9 1   1 7 2 5   1 7 8 6   7 1   8 4   2 7 8 
  9 4 9 6   7 2 9   6 7 3 3     2 9 3   2 4 1 6 8 
  3 7 4 8   7 8   7 2 4 8   6   7 4 9 3   4 3 5 6 
  7 5 7 4   4   8 5 2 3   7 7   4 3 7 9 7   8 3 4 
  6 9 6 5     4 1 9 1   6 7 5   7 4 3 2 4 8   7 6 
  6 7 9 3   8 7 1 1   3 2 5 7   7 8 6 8 8 1 6   4 
  2 4 8 8 6 4 4 7   8 2 1 7 7                     
                  5 2 3 8 3 8 6 8 5 6 8 6 8 2 9 7 
8 8 6 8 6 6 3 5 4 7 4 1 3 5 2 8 3 3 7 9 6 1 7 2 8 

Step 35:
6 4 2 8 8 8 9 3 8 4 6 5 1 2 5 4 4 5 4 5 3 4 5 4 7 
1 1 3 3 8 4 2 7 8 7 2 5 3 2 2                   3 
2 2 4 7 6 8   9 3 2 1 4 3 7   2 9 6 2   1 5 6 4   
5 3 1 4 9 1     1 5 8 4 8   6 3 2 3 1     3 2   3 
6 5 6 5 2 3   5   5 4 6   1 5 7 3 8 8   1   4   8 
5 2 4 4 1 8   3 5   5   9 1 2 7 3 7 7   8 7     8 
              6 7 7   4 3 4 4 9 8 8 5   4 1 8   3 
  7 9 7 8     2 9 3 2 3 7 *         1             
  3 5 1 1     2 1   1 8 9 2 7 9 3   5 1 4 8 9     
  6 5 9 2     4     1 3 3 2 5 5 7               4 
  4 4 9 3       7   1 2 8 2 6 5 2   8   3 4   7 8 
  8 4 3 9     5 4   1 1 5 8 6 1 3   1 2     6 3 2 
  3 4 8 1   6 5 2   7 4 3 1 6 5 3   9 4     5 3 8 
  8 5 8 1   4 7 9   9 5 1 5 2 6 5 8     9   4 5 9 
  4 7 3 6   1 5 9 7   9 4 6 9 8 9 6     6   1 8 8 
  6 2 9 6   2 5 7 8 9   7 6 6 4 5   3 9     3 1 6 
  8 7 9 1   1 7 2 5   1 7 8 6   7 1   8 4   2 7 8 
  9 4 9 6   7 2 9   6 7 3 3     2 9 3   2 4 1 6 8 
  3 7 4 8   7 8   7 2 4 8   6   7 4 9 3   4 3 5 6 
  7 5 7 4   4   8 5 2 3   7 7   4 3 7 9 7   8 3 4 
  6 9 6 5     4 1 9 1   6 7 5   7 4 3 2 4 8   7 6 
  6 7 9 3   8 7 1 1   3 2 5 7   7 8 6 8 8 1 6   4 
  2 4 8 8 6 4 4 7   8 2 1 7 7                     
                  5 2 3 8 3 8 6 8 5 6 8 6 8 2 9 7 
8 8 6 8 6 6 3 5 4 7 4 1 3 5 2 8 3 3 7 9 6 1 7 2 8 

Step 36:
6 4 2 8 8 8 9 3 8 4 6 5 1 2 5 4 4 5 4 5 3 4 5 4 7 
1 1 3 3 8 4 2 7 8 7 2 5 3 2 2                   3 
2 2 4 7 6 8   9 3 2 1 4 3 7   2 9 6 2   1 5 6 4   
5 3 1 4 9 1     1 5 8 4 8   6 3 2 * 1     3 2   3 
6 5 6 5 2 3   5   5 4 6   1 5 7   8 8   1   4   8 
5 2 4 4 1 8   3 5   5   9 1 2   3 7 7   8 7     8 
              6 7 7   4 3 4   9 8 8 5   4 1 8   3 
  7 9 7 8     2 9 3 2 3 7           1             
  3 5 1 1     2 1   1 8 9 2 7 9 3   5 1 4 8 9     
  6 5 9 2     4     1 3 3 2 5 5 7               4 
  4 4 9 3       7   1 2 8 2 6 5 2   8   3 4   7 8 
  8 4 3 9     5 4   1 1 5 8 6 1 3   1 2     6 3 2 
  3 4 8 1   6 5 2   7 4 3 1 6 5 3   9 4     5 3 8 
  8 5 8 1   4 7 9   9 5 1 5 2 6 5 8     9   4 5 9 
  4 7 3 6   1 5 9 7   9 4 6 9 8 9 6     6   1 8 8 
  6 2 9 6   2 5 7 8 9   7 6 6 4 5   3 9     3 1 6 
  8 7 9 1   1 7 2 5   1 7 8 6   7 1   8 4   2 7 8 
  9 4 9 6   7 2 9   6 7 3 3     2 9 3   2 4 1 6 8 
  3 7 4 8   7 8   7 2 4 8   6   7 4 9 3   4 3 5 6 
  7 5 7 4   4   8 5 2 3   7 7   4 3 7 9 7   8 3 4 
  6 9 6 5     4 1 9 1   6 7 5   7 4 3 2 4 8   7 6 
  6 7 9 3   8 7 1 1   3 2 5 7   7 8 6 8 8 1 6   4 
  2 4 8 8 6 4 4 7   8 2 1 7 7                     
                  5 2 3 8 3 8 6 8 5 6 8 6 8 2 9 7 
8 8 6 8 6 6 3 5 4 7 4 1 3 5 2 8 3 3 7 9 6 1 7 2 8 

Step 37:
6 4 2 8 8 8 9 3 8 4 6 5 1 2 5 4 4 5 4 5 3 4 5 4 7 
1 1 3 3 8 4 2 7 8 7 2 5 3 2 2                   3 
2 2 4 7 6 8   9 3 2 1 4 3 7   2 9 6 2   1 5 6 4   
5 3 1 4 9 1     1 5 8 4 8   6 *     1     3 2   3 
6 5 6 5 2 3   5   5 4 6   1 5 7   8 8   1   4   8 
5 2 4 4 1 8   3 5   5   9 1 2   3 7 7   8 7     8 
              6 7 7   4 3 4   9 8 8 5   4 1 8   3 
  7 9 7 8     2 9 3 2 3 7           1             
  3 5 1 1     2 1   1 8 9 2 7 9 3   5 1 4 8 9     
  6 5 9 2     4     1 3 3 2 5 5 7               4 
  4 4 9 3       7   1 2 8 2 6 5 2   8   3 4   7 8 
  8 4 3 9     5 4   1 1 5 8 6 1 3   1 2     6 3 2 
  3 4 8 1   6 5 2   7 4 3 1 6 5 3   9 4     5 3 8 
  8 5 8 1   4 7 9   9 5 1 5 2 6 5 8     9   4 5 9 
  4 7 3 6   1 5 9 7   9 4 6 9 8 9 6     6   1 8 8 
  6 2 9 6   2 5 7 8 9   7 6 6 4 5   3 9     3 1 6 
  8 7 9 1   1 7 2 5   1 7 8 6   7 1   8 4   2 7 8 
  9 4 9 6   7 2 9   6 7 3 3     2 9 3   2 4 1 6 8 
  3 7 4 8   7 8   7 2 4 8   6   7 4 9 3   4 3 5 6 
  7 5 7 4   4   8 5 2 3   7 7   4 3 7 9 7   8 3 4 
  6 9 6 5     4 1 9 1   6 7 5   7 4 3 2 4 8   7 6 
  6 7 9 3   8 7 1 1   3 2 5 7   7 8 6 8 8 1 6   4 
  2 4 8 8 6 4 4 7   8 2 1 7 7                     
                  5 2 3 8 3 8 6 8 5 6 8 6 8 2 9 7 
8 8 6 8 6 6 3 5 4 7 4 1 3 5 2 8 3 3 7 9 6 1 7 2 8 

Step 38:
6 4 2 8 8 8 9 3 8 4 6 5 1 2 5 4 4 5 4 5 3 4 5 4 7 
1 1 3 3 8 4 2 7 8 7 2 5 3 2 2                   3 
2 2 4 7 6 8   9 3 2 1 4 3 7   2 9 6 2   1 5 6 4   
5 3 1 4 9 1     1 5 8 4 8   6       1     3 2   3 
6 5 6 5 2 3   5   5 4 6   1   7   8 8   1   4   8 
5 2 4 4 1 8   3 5   5   9   2   3 7 7   8 7     8 
              6 7 7   4   4   9 8 8 5   4 1 8   3 
  7 9 7 8     2 9 3 2   7           1             
  3 5 1 1     2 1   * 8 9 2 7 9 3   5 1 4 8 9     
  6 5 9 2     4     1 3 3 2 5 5 7               4 
  4 4 9 3       7   1 2 8 2 6 5 2   8   3 4   7 8 
  8 4 3 9     5 4   1 1 5 8 6 1 3   1 2     6 3 2 
  3 4 8 1   6 5 2   7 4 3 1 6 5 3   9 4     5 3 8 
  8 5 8 1   4 7 9   9 5 1 5 2 6 5 8     9   4 5 9 
  4 7 3 6   1 5 9 7   9 4 6 9 8 9 6     6   1 8 8 
  6 2 9 6   2 5 7 8 9   7 6 6 4 5   3 9     3 1 6 
  8 7 9 1   1 7 2 5   1 7 8 6   7 1   8 4   2 7 8 
  9 4 9 6   7 2 9   6 7 3 3     2 9 3   2 4 1 6 8 
  3 7 4 8   7 8   7 2 4 8   6   7 4 9 3   4 3 5 6 
  7 5 7 4   4   8 5 2 3   7 7   4 3 7 9 7   8 3 4 
  6 9 6 5     4 1 9 1   6 7 5   7 4 3 2 4 8   7 6 
  6 7 9 3   8 7 1 1   3 2 5 7   7 8 6 8 8 1 6   4 
  2 4 8 8 6 4 4 7   8 2 1 7 7                     
                  5 2 3 8 3 8 6 8 5 6 8 6 8 2 9 7 
8 8 6 8 6 6 3 5 4 7 4 1 3 5 2 8 3 3 7 9 6 1 7 2 8 

Step 39:
6 4 2 8 8 8 9 3 8 4 6 5 1 2 5 4 4 5 4 5 3 4 5 4 7 
1 1 3 3 8 4 2 7 8 7 2 5 3 2 2                   3 
2 2 4 7 6 8   9 3 2 1 4 3 7   2 9 6 2   1 5 6 4   
5 3 1 4 9 1     1 5 8 4 8   6       1     3 2   3 
6 5 6 5 2 3   5   5 4 6   1   7   8 8   1   4   8 
5 2 4 4 1 8   3 5   5   9   2   3 7 7   8 7     8 
              6 7 7   4   4   9 8 8 5   4 1 8   3 
  7 9 7 8     2 9 3 2   7           1             
  3 5 1 1     2 1     8 9 2 7 9 3   5 1 4 8 9     
  6 5 9 2     4     * 3 3 2 5 5 7               4 
  4 4 9 3       7   1 2 8 2 6 5 2   8   3 4   7 8 
  8 4 3 9     5 4   1 1 5 8 6 1 3   1 2     6 3 2 
  3 4 8 1   6 5 2   7 4 3 1 6 5 3   9 4     5 3 8 
  8 5 8 1   4 7 9   9 5 1 5 2 6 5 8     9   4 5 9 
  4 7 3 6   1 5 9 7   9 4 6 9 8 9 6     6   1 8 8 
  6 2 9 6   2 5 7 8 9   7 6 6 4 5   3 9     3 1 6 
  8 7 9 1   1 7 2 5   1 7 8 6   7 1   8 4   2 7 8 
  9 4 9 6   7 2 9   6 7 3 3     2 9 3   2 4 1 6 8 
  3 7 4 8   7 8   7 2 4 8   6   7 4 9 3   4 3 5 6 
  7 5 7 4   4   8 5 2 3   7 7   4 3 7 9 7   8 3 4 
  6 9 6 5     4 1 9 1   6 7 5   7 4 3 2 4 8   7 6 
  6 7 9 3   8 7 1 1   3 2 5 7   7 8 6 8 8 1 6   4 
  2 4 8 8 6 4 4 7   8 2 1 7 7                     
                  5 2 3 8 3 8 6 8 5 6 8 6 8 2 9 7 
8 8 6 8 6 6 3 5 4 7 4 1 3 5 2 8 3 3 7 9 6 1 7 2 8 

Step 40:
6 4 2 8 8 8 9 3 8 4 6 5 1 2 5 4 4 5 4 5 3 4 5 4 7 
1 1 3 3 8 4 2 7 8 7 2 5 3 2 2                   3 
2 2 4 7 6 8   9 3 2 1 4 3 7   2 9 6 2   1 5 6 4   
5 3 1 4 9 1     1 5 8 4 8   6       1     3 2   3 
6 5 6 5 2 3   5   5 4 6   1   7   8 8   1   4   8 
5 2 4 4 1 8   3 5   5   9   2   3 7 7   8 7     8 
              6 7 7   4   4   9 8 8 5   4 1 8   3 
  7 9 7 8     2 9 3 2   7           1             
  3 5 1 1     2 1     8 9 2 7 9 3   5 1 4 8 9     
  6 5 9 2     4       3 3 2 5 5 7               4 
  4 4 9 3       7   1   8 2 6 5 2   8   3 4   7 8 
  8 4 3 9     5 4   1 1 * 8 6 1 3   1 2     6 3 2 
  3 4 8 1   6 5 2   7 4 3 1 6 5 3   9 4     5 3 8 
  8 5 8 1   4 7 9   9 5 1 5 2 6 5 8     9   4 5 9 
  4 7 3 6   1 5 9 7   9 4 6 9 8 9 6     6   1 8 8 
  6 2 9 6   2 5 7 8 9   7 6 6 4 5   3 9     3 1 6 
  8 7 9 1   1 7 2 5   1 7 8 6   7 1   8 4   2 7 8 
  9 4 9 6   7 2 9   6 7 3 3     2 9 3   2 4 1 6 8 
  3 7 4 8   7 8   7 2 4 8   6   7 4 9 3   4 3 5 6 
  7 5 7 4   4   8 5 2 3   7 7   4 3 7 9 7   8 3 4 
  6 9 6 5     4 1 9 1   6 7 5   7 4 3 2 4 8   7 6 
  6 7 9 3   8 7 1 1   3 2 5 7   7 8 6 8 8 1 6   4 
  2 4 8 8 6 4 4 7   8 2 1 7 7                     
                  5 2 3 8 3 8 6 8 5 6 8 6 8 2 9 7 
8 8 6 8 6 6 3 5 4 7 4 1 3 5 2 8 3 3 7 9 6 1 7 2 8 

Step 41:
6 4 2 8 8 8 9 3 8 4 6 5 1 2 5 4 4 5 4 5 3 4 5 4 7 
1 1 3 3 8 4 2 7 8 7 2 5 3 2 2                   3 
2 2 4 7 6 8   9 3 2 1 4 3 7   2 9 6 2   1 5 6 4   
5 3 1 4 9 1     1 5 8 4 8   6       1     3 2   3 
6 5 6 5 2 3   5   5 4 6   1   7   8 8   1   4   8 
5 2 4 4 1 8   3 5   5   9   2   3 7 7   8 7     8 
              6 7 7   4   4   9 8 8 5   4 1 8   3 
  7 9 7 8     2 9 3 2   7           1             
  3 5 1 1     2 1     8 9 2 7 9 3   5 1 4 8 9     
  6 5 9 2     4       3 3 2 5 5 7               4 
  4 4 9 3       7   1   8 2 6 5 2   8   3 4   7 8 
  8 4 3 9     5 4   1 1   8 6 1 3   1 2     6 3 2 
  3 4 8 1   6 5 2   7   3 1 6 5 3   9 4     5 3 8 
  8 5 8 1   4 7 9     5 1 5 2 6 5 8     9   4 5 9 
  4 7 3 6   1 5 9     9 4 6 9 8 9 6     6   1 8 8 
  6 2 9 6   2 5 * 8 9   7 6 6 4 5   3 9     3 1 6 
  8 7 9 1   1 7 2 5   1 7 8 6   7 1   8 4   2 7 8 
  9 4 9 6   7 2 9   6 7 3 3     2 9 3   2 4 1 6 8 
  3 7 4 8   7 8   7 2 4 8   6   7 4 9 3   4 3 5 6 
  7 5 7 4   4   8 5 2 3   7 7   4 3 7 9 7   8 3 4 
  6 9 6 5     4 1 9 1   6 7 5   7 4 3 2 4 8   7 6 
  6 7 9 3   8 7 1 1   3 2 5 7   7 8 6 8 8 1 6   4 
  2 4 8 8 6 4 4 7   8 2 1 7 7                     
                  5 2 3 8 3 8 6 8 5 6 8 6 8 2 9 7 
8 8 6 8 6 6 3 5 4 7 4 1 3 5 2 8 3 3 7 9 6 1 7 2 8 

Step 42:
6 4 2 8 8 8 9 3 8 4 6 5 1 2 5 4 4 5 4 5 3 4 5 4 7 
1 1 3 3 8 4 2 7 8 7 2 5 3 2 2                   3 
2 2 4 7 6 8   9 3 2 1 4 3 7   2 9 6 2   1 5 6 4   
5 3 1 4 9 1     1 5 8 4 8   6       1     3 2   3 
6 5 6 5 2 3   5   5 4 6   1   7   8 8   1   4   8 
5 2 4 4 1 8   3 5   5   9   2   3 7 7   8 7     8 
              6 7 7   4   4   9 8 8 5   4 1 8   3 
  7 9 7 8     2 9 3 2   7           1             
  3 5 1 1     2 1     8 9 2 7 9 3   5 1 4 8 9     
  6 5 9 2     4       3 3 2 5 5 7               4 
  4 4 9 3       7   1   8 2 6 5 2   8   3 4   7 8 
  8 4 3 9     5 4   1 1   8 6 1 3   1 2     6 3 2 
  3 4 8 1   6 5 2   7   3 1 6 5 3   9 4     5 3 8 
  8 5 8 1   4 7 9     5 1 5 2 6 5 8     9   4 5 9 
  4 7 3 6   1 5 9     9 4 6 9 8 9 6     6   1 8 8 
  6 2 9 6   2 5   8 9   7 6 6 4 5   3 9     3 1 6 
  8 7 9 1   1 7   5   1 7 8 6   7 1   8 4   2 7 8 
  9 4 9 6   7 2 *   6 7 3 3     2 9 3   2 4 1 6 8 
  3 7 4 8   7 8   7 2 4 8   6   7 4 9 3   4 3 5 6 
  7 5 7 4   4   8 5 2 3   7 7   4 3 7 9 7   8 3 4 
  6 9 6 5     4 1 9 1   6 7 5   7 4 3 2 4 8   7 6 
  6 7 9 3   8 7 1 1   3 2 5 7   7 8 6 8 8 1 6   4 
  2 4 8 8 6 4 4 7   8 2 1 7 7                     
                  5 2 3 8 3 8 6 8 5 6 8 6 8 2 9 7 
8 8 6 8 6 6 3 5 4 7 4 1 3 5 2 8 3 3 7 9 6 1 7 2 8 

Step 43:
6 4 2 8 8 8 9 3 8 4 6 5 1 2 5 4 4 5 4 5 3 4 5 4 7 
1 1 3 3 8 4 2 7 8 7 2 5 3 2 2                   3 
2 2 4 7 6 8   9 3 2 1 4 3 7   2 9 6 2   1 5 6 4   
5 3 1 4 9 1     1 5 8 4 8   6       1     3 2   3 
6 5 6 5 2 3   5   5 4 6   1   7   8 8   1   4   8 
5 2 4 4 1 8   3 5   5   9   2   3 7 7   8 7     8 
              6 7 7   4   4   9 8 8 5   4 1 8   3 
  7 9 7 8     2 9 3 2   7           1             
  3 5 1 1     2 1     8 9 2 7 9 3   5 1 4 8 9     
  6 5 9 2     4       3 3 2 5 5 7               4 
  4 4 9 3       7   1   8 2 6 5 2   8   3 4   7 8 
  8 4 3 9     5 4   1 1   8 6 1 3   1 2     6 3 2 
  3 4 8 1   6 5 2   7   3 * 6 5 3   9 4     5 3 8 
  8 5 8 1   4 7 9     5   5 2 6 5 8     9   4 5 9 
  4 7 3 6   1 5 9       4 6 9 8 9 6     6   1 8 8 
  6 2 9 6   2 5   8     7 6 6 4 5   3 9     3 1 6 
  8 7 9 1   1 7       1 7 8 6   7 1   8 4   2 7 8 
  9 4 9 6   7 2     6 7 3 3     2 9 3   2 4 1 6 8 
  3 7 4 8   7 8   7 2 4 8   6   7 4 9 3   4 3 5 6 
  7 5 7 4   4   8 5 2 3   7 7   4 3 7 9 7   8 3 4 
  6 9 6 5     4 1 9 1   6 7 5   7 4 3 2 4 8   7 6 
  6 7 9 3   8 7 1 1   3 2 5 7   7 8 6 8 8 1 6   4 
  2 4 8 8 6 4 4 7   8 2 1 7 7                     
                  5 2 3 8 3 8 6 8 5 6 8 6 8 2 9 7 
8 8 6 8 6 6 3 5 4 7 4 1 3 5 2 8 3 3 7 9 6 1 7 2 8 

Step 44:
6 4 2 8 8 8 9 3 8 4 6 5 1 2 5 4 4 5 4 5 3 4 5 4 7 
1 1 3 3 8 4 2 7 8 7 2 5 3 2 2                   3 
2 2 4 7 6 8   9 3 2 1 4 3 7   2 9 6 2   1 5 6 4   
5 3 1 4 9 1     1 5 8 4 8   6       1     3 2   3 
6 5 6 5 2 3   5   5 4 6   1   7   8 8   1   4   8 
5 2 4 4 1 8   3 5   5   9   2   3 7 7   8 7     8 
              6 7 7   4   4   9 8 8 5   4 1 8   3 
  7 9 7 8     2 9 3 2   7           1             
  3 5 1 1     2 1     8 9 2 7 9 3   5 1 4 8 9     
  6 5 9 2     4       3 3 2 5 5 7               4 
  4 4 9 3       7   1   8 2 6 5 2   8   3 4   7 8 
  8 4 3 9     5 4   1 1   8 6 1 3   1 2     6 3 2 
  3 4 8 1   6 5 2   7   3   6 5 3   9 4     5 3 8 
  8 5 8 1   4 7 9     5   5   6 5 8     9   4 5 9 
  4 7 3 6   1 5 9       4 6 9 * 9 6     6   1 8 8 
  6 2 9 6   2 5   8     7 6 6 4 5   3 9     3 1 6 
  8 7 9 1   1 7       1 7 8 6   7 1   8 4   2 7 8 
  9 4 9 6   7 2     6 7 3 3     2 9 3   2 4 1 6 8 
  3 7 4 8   7 8   7 2 4 8   6   7 4 9 3   4 3 5 6 
  7 5 7 4   4   8 5 2 3   7 7   4 3 7 9 7   8 3 4 
  6 9 6 5     4 1 9 1   6 7 5   7 4 3 2 4 8   7 6 
  6 7 9 3   8 7 1 1   3 2 5 7   7 8 6 8 8 1 6   4 
  2 4 8 8 6 4 4 7   8 2 1 7 7                     
                  5 2 3 8 3 8 6 8 5 6 8 6 8 2 9 7 
8 8 6 8 6 6 3 5 4 7 4 1 3 5 2 8 3 3 7 9 6 1 7 2 8 

Step 45:
6 4 2 8 8 8 9 3 8 4 6 5 1 2 5 4 4 5 4 5 3 4 5 4 7 
1 1 3 3 8 4 2 7 8 7 2 5 3 2 2                   3 
2 2 4 7 6 8   9 3 2 1 4 3 7   2 9 6 2   1 5 6 4   
5 3 1 4 9 1     1 5 8 4 8   6       1     3 2   3 
6 5 6 5 2 3   5   5 4 6   1   7   8 8   1   4   8 
5 2 4 4 1 8   3 5   5   9   2   3 7 7   8 7     8 
              6 7 7   4   4   9 8 8 5   4 1 8   3 
  7 9 7 8     2 9 3 2   7           1             
  3 5 1 1     2 1     8 9 2 7 9 3   5 1 4 8 9     
  6 5 9 2     4       3 3 2 5 5 7               4 
  4 4 9 3       7   1   8 2 6 5 2   8   3 4   7 8 
  8 4 3 9     5 4   1 1   8 6 1 3   1 2     6 3 2 
  3 4 8 1   6 5 2   7   3   6 5 3   9 4     5 3 8 
  8 5 8 1   4 7 9     5   5   6 5 8     9   4 5 9 
  4 7 3 6   1 5 9       4 6 9   9 6     6   1 8 8 
  6 2 9 6   2 5   8     7 6   4 5   3 9     3 1 6 
  8 7 9 1   1 7       1 7   6   7 1   8 4   2 7 8 
  9 4 9 6   7 2     6 7   3     2 9 3   2 4 1 6 8 
  3 7 4 8   7 8   7 2   8   6   7 4 9 3   4 3 5 6 
  7 5 7 4   4   8 5   3   7 7   4 3 7 9 7   8 3 4 
  6 9 6 5     4 1 * 1   6 7 5   7 4 3 2 4 8   7 6 
  6 7 9 3   8 7 1 1   3 2 5 7   7 8 6 8 8 1 6   4 
  2 4 8 8 6 4 4 7   8 2 1 7 7                     
                  5 2 3 8 3 8 6 8 5 6 8 6 8 2 9 7 
8 8 6 8 6 6 3 5 4 7 4 1 3 5 2 8 3 3 7 9 6 1 7 2 8 

Step 46:
6 4 2 8 8 8 9 3 8 4 6 5 1 2 5 4 4 5 4 5 3 4 5 4 7 
1 1 3 3 8 4 2 7 8 7 2 5 3 2 2                   3 
2 2 4 7 6 8   9 3 2 1 4 3 7   2 9 6 2   1 5 6 4   
5 3 1 4 9 1     1 5 8 4 8   6       1     3 2   3 
6 5 6 5 2 3   5   5 4 6   1   7   8 8   1   4   8 
5 2 4 4 1 8   3 5   5   9   2   3 7 7   8 7     8 
              6 7 7   4   4   9 8 8 5   4 1 8   3 
  7 9 7 8     2 9 3 2   7           1             
  3 5 1 1     2 1     8 9 2 7 9 3   5 1 4 8 9     
  6 5 9 2     4       3 3 2 5 5 7               4 
  4 4 9 3       7   1   8 2 6 5 2   8   3 4   7 8 
  8 4 3 9     5 4   1 1   8 6 1 3   1 2     6 3 2 
  3 4 8 1   6 5 2   7   3   6 5 3   9 4     5 3 8 
  8 5 8 1   4 7 9     5   5   6 5 8     9   4 5 9 
  4 7 3 6   1 5 9       4 6 9   9 6     6   1 8 8 
  6 2 9 6   2 5   8     7 6   4 5   3 9     3 1 6 
  8 7 9 1   1 7       1 7   6   7 1   8 4   2 7 8 
  9 4 9 6   7 2     6 7   3     2 9 3   2 4 1 6 8 
  3 7 4 8   7 8   7 2   8   6   7 4 9 3   4 3 5 6 
  7 5 7 4   4   8 5   3   7 7   4 3 7 9 7   8 3 4 
  6 9 6 5     4 1   *   6 7 5   7 4 3 2 4 8   7 6 
  6 7 9 3   8 7 1 1   3 2 5 7   7 8 6 8 8 1 6   4 
  2 4 8 8 6 4 4 7   8 2 1 7 7                     
                  5 2 3 8 3 8 6 8 5 6 8 6 8 2 9 7 
8 8 6 8 6 6 3 5 4 7 4 1 3 5 2 8 3 3 7 9 6 1 7 2 8 

Step 47:
6 4 2 8 8 8 9 3 8 4 6 5 1 2 5 4 4 5 4 5 3 4 5 4 7 
1 1 3 3 8 4 2 7 8 7 2 5 3 2 2                   3 
2 2 4 7 6 8   9 3 2 1 4 3 7   2 9 6 2   1 5 6 4   
5 3 1 4 9 1     1 5 8 4 8   6       1     3 2   3 
6 5 6 5 2 3   5   5 4 6   1   7   8 8   1   4   8 
5 2 4 4 1 8   3 5   5   9   2   3 7 7   8 7     8 
              6 7 7   4   4   9 8 8 5   4 1 8   3 
  7 9 7 8     2 9 3 2   7           1             
  3 5 1 1     2 1     8 9 2 7 9 3   5 1 4 8 9     
  6 5 9 2     4       3 3 2 5 5 7               4 
  4 4 9 3       7   1   8 2 6 5 2   8   3 4   7 8 
  8 4 3 9     5 4   1 1   8 6 1 3   1 2     6 3 2 
  3 4 8 1   6 5 2   7   3   6 5 3   9 4     5 3 8 
  8 5 8 1   4 7 9     5   5   6 5 8     9   4 5 9 
  4 7 3 6   1 5 9       4 6 9   9 6     6   1 8 8 
  6 2 9 6   2 5   8     7 6   4 5   3 9     3 1 6 
  8 7 9 1   1 7       1 7   6   7 1   8 4   2 7 8 
  9 4 9 6   7 2     6 7   3     2 9 3   2 4 1 6 8 
  3 7 4 8   7 8   7 2   8   6   7 4 9 3   4 3 5 6 
  7 5 7 4   4   8 5   3   7 7   4 3 7 9 7   8 3 4 
  6 9 6 5     4 1       6 7 5   7 4 3 2 4 8   7 6 
  6 7 9 3   8 7 1 1     2 5 7   7 8 6 8 8 1 6   4 
  2 4 8 8 6 4 4 7   8 2   7 7                     
                  5 2 3 8 * 8 6 8 5 6 8 6 8 2 9 7 
8 8 6 8 6 6 3 5 4 7 4 1 3 5 2 8 3 3 7 9 6 1 7 2 8 

Step 48:
6 4 2 8 8 8 9 3 8 4 6 5 1 2 5 4 4 5 4 5 3 4 5 4 7 
1 1 3 3 8 4 2 7 8 7 2 5 3 2 2                   3 
2 2 4 7 6 8   9 3 2 1 4 3 7   2 9 6 2   1 5 6 4   
5 3 1 4 9 1     1 5 8 4 8   6       1     3 2   3 
6 5 6 5 2 3   5   5 4 6   1   7   8 8   1   4   8 
5 2 4 4 1 8   3 5   5   9   2   3 7 7   8 7     8 
              6 7 7   4   4   9 8 8 5   4 1 8   3 
  7 9 7 8     2 9 3 2   7           1             
  3 5 1 1     2 1     8 9 2 7 9 3   5 1 4 8 9     
  6 5 9 2     4       3 3 2 5 5 7               4 
  4 4 9 3       7   1   8 2 6 5 2   8   3 4   7 8 
  8 4 3 9     5 4   1 1   8 6 1 3   1 2     6 3 2 
  3 4 8 1   6 5 2   7   3   6 5 3   9 4     5 3 8 
  8 5 8 1   4 7 9     5   5   6 5 8     9   4 5 9 
  4 7 3 6   1 5 9       4 6 9   9 6     6   1 8 8 
  6 2 9 6   2 5   8     7 6   4 5   3 9     3 1 6 
  8 7 9 1   1 7       1 7   6   7 1   8 4   2 7 8 
  9 4 9 6   7 2     6 7   3     2 9 3   2 4 1 6 8 
  3 7 4 8   7 8   7 2   8   6   7 4 9 3   4 3 5 6 
  7 5 7 4   4   8 5   3   7 7   4 3 7 9 7   8 3 4 
  6 9 6 5     4 1       6 7 5   7 4 3 2 4 8   7 6 
  6 7 9 3   8 7 1 1     2 5 7   7 8 6 8 8 1 6   4 
  2 4 8 8 6 4 4 7   8 2   7 7                     
                  5 2 3 8                 * 2 9 7 
8 8 6 8 6 6 3 5 4 7 4 1 3 5 2 8 3 3 7 9 6 1 7 2 8 

Step 49:
6 4 2 8 8 8 9 3 8 4 6 5 1 2 5 4 4 5 4 5 3 4 5 4 7 
1 1 3 3 8 4 2 7 8 7 2 5 3 2 2                   3 
2 2 4 7 6 8   9 3 2 1 4 3 7   2 9 6 2   1 5 6 4   
5 3 1 4 9 1     1 5 8 4 8   6       1     3 2   3 
6 5 6 5 2 3   5   5 4 6   1   7   8 8   1   4   8 
5 2 4 4 1 8   3 5   5   9   2   3 7 7   8 7     8 
              6 7 7   4   4   9 8 8 5   4 1 8   3 
  7 9 7 8     2 9 3 2   7           1             
  3 5 1 1     2 1     8 9 2 7 9 3   5 1 4 8 9     
  6 5 9 2     4       3 3 2 5 5 7               4 
  4 4 9 3       7   1   8 2 6 5 2   8   3 4   7 8 
  8 4 3 9     5 4   1 1   8 6 1 3   1 2     6 3 2 
  3 4 8 1   6 5 2   7   3   6 5 3   9 4     5 3 8 
  8 5 8 1   4 7 9     5   5   6 5 8     9   4 5 9 
  4 7 3 6   1 5 9       4 6 9   9 6     6   1 8 8 
  6 2 9 6   2 5   8     7 6   4 5   3 9     3 1 6 
  8 7 9 1   1 7       1 7   6   7 1   8 4   2 7 8 
  9 4 9 6   7 2     6 7   3     2 9 3   2 4 1 6 8 
  3 7 4 8   7 8   7 2   8   6   7 4 9 3   4 3 5 6 
  7 5 7 4   4   8 5   3   7 7   4 3 7 9 7   8 3 4 
  6 9 6 5     4 1       6 7 5   7 4 3 2 4 8   7 6 
  6 7 9 3   8 7 1 1     2 5 7   7 8 6 8 8 1 6   4 
  2 4 8 8 6 4 4 7   8 2   7 7                     
                  5 2 3 8                   2 9 7 
8 8 6 8 6 6 3 5 4 7 4 1 3 5 2 8 3 3 7 9 6 * 7 2 8 

Step 50:
6 4 2 8 8 8 9 3 8 4 6 5 1 2 5 4 4 5 4 5 3 4 5 4 7 
1 1 3 3 8 4 2 7 8 7 2 5 3 2 2                   3 
2 2 4 7 6 8   9 3 2 1 4 3 7   2 9 6 2   1 5 6 4   
5 3 1 4 9 1     1 5 8 4 8   6       1     3 2   3 
6 5 6 5 2 3   5   5 4 6   1   7   8 8   1   4   8 
5 2 4 4 1 8   3 5   5   9   2   3 7 7   8 7     8 
              6 7 7   4   4   9 8 8 5   4 1 8   3 
  7 9 7 8     2 9 3 2   7           1             
  3 5 1 1     2 1     8 9 2 7 9 3   5 1 4 8 9     
  6 5 9 2     4       3 3 2 5 5 7               4 
  4 4 9 3       7   1   8 2 6 5 2   8   3 4   7 8 
  8 4 3 9     5 4   1 1   8 6 1 3   1 2     6 3 2 
  3 4 8 1   6 5 2   7   3   6 5 3   9 4     5 3 8 
  8 5 8 1   4 7 9     5   5   6 5 8     9   4 5 9 
  4 7 3 6   1 5 9       4 6 9   9 6     6   1 8 8 
  6 2 9 6   2 5   8     7 6   4 5   3 9     3 1 6 
  8 7 9 1   1 7       1 7   6   7 1   8 4   2 7 8 
  9 4 9 6   7 2     6 7   3     2 9 3   2 4 1 6 8 
  3 7 4 8   7 8   7 2   8   6   7 4 9 3   4 3 5 6 
  7 5 7 4   4   8 5   3   7 7   4 3 7 9 7   8 3 4 
  6 9 6 5     4 1       6 7 5   7 4 3 2 4 8   7 6 
  6 7 9 3   8 7 1 1     2 5 7   7 8 6 8 8 1 6   4 
  2 4 8 8 6 4 4 7   8 2   7 7                     
                  5 2 3 8                   2 9 7 
8 8 6 8 6 6 3 5 4 7 4 1 3 5 2 *             7 2 8 

Step 51:
6 4 2 8 8 8 9 3 8 4 6 5 1 2 5 4 4 5 4 5 3 4 5 4 7 
1 1 3 3 8 4 2 7 8 7 2 5 3 2 2                   3 
2 2 4 7 6 8   9 3 2 1 4 3 7   2 9 6 2   1 5 6 4   
5 3 1 4 9 1     1 5 8 4 8   6       1     3 2   3 
6 5 6 5 2 3   5   5 4 6   1   7   8 8   1   4   8 
5 2 4 4 1 8   3 5   5   9   2   3 7 7   8 7     8 
              6 7 7   4   4   9 8 8 5   4 1 8   3 
  7 9 7 8     2 9 3 2   7           1             
  3 5 1 1     2 1     8 9 2 7 9 3   5 1 4 8 9     
  6 5 9 2     4       3 3 2 5 5 7               4 
  4 4 9 3       7   1   8 2 6 5 2   8   3 4   7 8 
  8 4 3 9     5 4   1 1   8 6 1 3   1 2     6 3 2 
  3 4 8 1   6 5 2   7   3   6 5 3   9 4     5 3 8 
  8 5 8 1   4 7 9     5   5   6 5 8     9   4 5 9 
  4 7 3 6   1 5 9       4 6 9   9 6     6   1 8 8 
  6 2 9 6   2 5   8     7 6   4 5   3 9     3 1 6 
  8 7 9 1   1 7       1 7   6   7 1   8 4   2 7 8 
  9 4 9 6   7 2     6 7   3     2 9 3   2 4 1 6 8 
  3 7 4 8   7 8   7 2   8   6   7 4 9 3   4 3 5 6 
  7 5 7 4   4   8 5   3   7 7   4 3 7 9 7   8 3 4 
  6 9 6 5     4 1       6 7 5   7 4 3 2 4 8   7 6 
  6 7 9 3   8 7 1 1     2 5 7   7 8 6 8 8 1 6   4 
  2 4 8 8 6 4 4 7   8 2   7 7                     
                  5 2 3 8                   2 9 7 
8 8 6 8 6 6 3 5 4 7 4 1 3 *                 7 2 8 

Step 52:
6 4 2 8 8 8 9 3 8 4 6 5 1 2 5 4 4 5 4 5 3 4 5 4 7 
1 1 3 3 8 4 2 7 8 7 2 5 3 2 2                   3 
2 2 4 7 6 8   9 3 2 1 4 3 7   2 9 6 2   1 5 6 4   
5 3 1 4 9 1     1 5 8 4 8   6       1     3 2   3 
6 5 6 5 2 3   5   5 4 6   1   7   8 8   1   4   8 
5 2 4 4 1 8   3 5   5   9   2   3 7 7   8 7     8 
              6 7 7   4   4   9 8 8 5   4 1 8   3 
  7 9 7 8     2 9 3 2   7           1             
  3 5 1 1     2 1     8 9 2 7 9 3   5 1 4 8 9     
  6 5 9 2     4       3 3 2 5 5 7               4 
  4 4 9 3       7   1   8 2 6 5 2   8   3 4   7 8 
  8 4 3 9     5 4   1 1   8 6 1 3   1 2     6 3 2 
  3 4 8 1   6 5 2   7   3   6 5 3   9 4     5 3 8 
  8 5 8 1   4 7 9     5   5   6 5 8     9   4 5 9 
  4 7 3 6   1 5 9       4 6 9   9 6     6   1 8 8 
  6 2 9 6   2 5   8     7 6   4 5   3 9     3 1 6 
  8 7 9 1   1 7       1 7   6   7 1   8 4   2 7 8 
  9 4 9 6   7 2     6 7   3     2 9 3   2 4 1 6 8 
  3 7 4 8   7 8   7 2   8   6   7 4 9 3   4 3 5 6 
  7 5 7 4   4   8 5   3   7 7   4 3 7 9 7   8 3 4 
  6 9 6 5     4 1       6 7 5   7 4 3 2 4 8   7 6 
  6 7 9 3   8 7 1 1     2 5 7   7 8 6 8 8 1 6   4 
  2 4 8 8 6 4 4 7   8 2   7 7                     
                  5 2 3 8                   2 9 7 
8 8 6 8 6 6 3 5 4 7 *                       7 2 8 

Step 53:
6 4 2 8 8 8 9 3 8 4 6 5 1 2 5 4 4 5 4 5 3 4 5 4 7 
1 1 3 3 8 4 2 7 8 7 2 5 3 2 2                   3 
2 2 4 7 6 8   9 3 2 1 4 3 7   2 9 6 2   1 5 6 4   
5 3 1 4 9 1     1 5 8 4 8   6       1     3 2   3 
6 5 6 5 2 3   5   5 4 6   1   7   8 8   1   4   8 
5 2 4 4 1 8   3 5   5   9   2   3 7 7   8 7     8 
              6 7 7   4   4   9 8 8 5   4 1 8   3 
  7 9 7 8     2 9 3 2   7           1             
  3 5 1 1     2 1     8 9 2 7 9 3   5 1 4 8 9     
  6 5 9 2     4       3 3 2 5 5 7               4 
  4 4 9 3       7   1   8 2 6 5 2   8   3 4   7 8 
  8 4 3 9     5 4   1 1   8 6 1 3   1 2     6 3 2 
  3 4 8 1   6 5 2   7   3   6 5 3   9 4     5 3 8 
  8 5 8 1   4 7 9     5   5   6 5 8     9   4 5 9 
  4 7 3 6   1 5 9       4 6 9   9 6     6   1 8 8 
  6 2 9 6   2 5   8     7 6   4 5   3 9     3 1 6 
  8 7 9 1   1 7       1 7   6   7 1   8 4   2 7 8 
  9 4 9 6   7 2     6 7   3     2 9 3   2 4 1 6 8 
  3 7 4 8   7 8   7 2   8   6   7 4 9 3   4 3 5 6 
  7 5 7 4   4   8 5   3   7 7   4 3 7 9 7   8 3 4 
  6 9 6 5     4 1       6 7 5   7 4 3 2 4 8   7 6 
  6 7 9 3   8 7 1 1     2 5 7   7 8 6 8 8 1 6   4 
  2 4 8 8 6 4 4 7   * 2   7 7                     
                  5   3 8                   2 9 7 
8 8 6 8 6 6 3 5 4 7                         7 2 8 

Step 54:
6 4 2 8 8 8 9 3 8 4 6 5 1 2 5 4 4 5 4 5 3 4 5 4 7 
1 1 3 3 8 4 2 7 8 7 2 5 3 2 2                   3 
2 2 4 7 6 8   9 3 2 1 4 3 7   2 9 6 2   1 5 6 4   
5 3 1 4 9 1     1 5 8 4 8   6       1     3 2   3 
6 5 6 5 2 3   5   5 4 6   1   7   8 8   1   4   8 
5 2 4 4 1 8   3 5   5   9   2   3 7 7   8 7     8 
              6 7 7   4   4   9 8 8 5   4 1 8   3 
  7 9 7 8     2 9 3 2   7           1             
  3 5 1 1     2 1     8 9 2 7 9 3   5 1 4 8 9     
  6 5 9 2     4       3 3 2 5 5 7               4 
  4 4 9 3       7   1   8 2 6 5 2   8   3 4   7 8 
  8 4 3 9     5 4   1 1   8 6 1 3   1 2     6 3 2 
  3 4 8 1   6 5 2   7   3   6 5 3   9 4     5 3 8 
  8 5 8 1   4 7 9     5   5   6 5 8     9   4 5 9 
  4 7 3 6   1 5 9       4 6 9   9 6     6   1 8 8 
  6 2 9 6   2 5   8     7 6   4 5   3 9     3 1 6 
  8 7 9 1   1 7       1 7   6   7 1   8 4   2 7 8 
  9 4 9 6   7 2     6 7   3     2 9 3   2 4 1 6 8 
  3 7 4 8   7 8   7 2   8   6   7 4 9 3   4 3 5 6 
  7 5 7 4   4   8 5   3   7 7   4 3 7 9 7   8 3 4 
  6 9 6 5     4 1       6 7 5   7 4 3 2 4 8   7 6 
  6 7 9 3   8 7 1 *     2 5 7   7 8 6 8 8 1 6   4 
  2 4 8 8 6 4 4 7     2   7 7                     
                  5   3 8                   2 9 7 
8 8 6 8 6 6 3 5 4 7                         7 2 8 

Step 55:
6 4 2 8 8 8 9 3 8 4 6 5 1 2 5 4 4 5 4 5 3 4 5 4 7 
1 1 3 3 8 4 2 7 8 7 2 5 3 2 2                   3 
2 2 4 7 6 8   9 3 2 1 4 3 7   2 9 6 2   1 5 6 4   
5 3 1 4 9 1     1 5 8 4 8   6       1     3 2   3 
6 5 6 5 2 3   5   5 4 6   1   7   8 8   1   4   8 
5 2 4 4 1 8   3 5   5   9   2   3 7 7   8 7     8 
              6 7 7   4   4   9 8 8 5   4 1 8   3 
  7 9 7 8     2 9 3 2   7           1             
  3 5 1 1     2 1     8 9 2 7 9 3   5 1 4 8 9     
  6 5 9 2     4       3 3 2 5 5 7               4 
  4 4 9 3       7   1   8 2 6 5 2   8   3 4   7 8 
  8 4 3 9     5 4   1 1   8 6 1 3   1 2     6 3 2 
  3 4 8 1   6 5 2   7   3   6 5 3   9 4     5 3 8 
  8 5 8 1   4 7 9     5   5   6 5 8     9   4 5 9 
  4 7 3 6   1 5 9       4 6 9   9 6     6   1 8 8 
  6 2 9 6   2 5   8     7 6   4 5   3 9     3 1 6 
  8 7 9 1   1 7       1 7   6   7 1   8 4   2 7 8 
  9 4 9 6   7 2     6 7   3     2 9 3   2 4 1 6 8 
  3 7 4 8   7 8   7 2   8   6   7 4 9 3   4 3 5 6 
  7 5 7 4   4   8 5   3   7 7   4 3 7 9 7   8 3 4 
  6 9 6 5     4 1       6 7 5   7 4 3 2 4 8   7 6 
  6 7 9 3   8 7 *       2 5 7   7 8 6 8 8 1 6   4 
  2 4 8 8 6 4 4 7     2   7 7                     
                  5   3 8                   2 9 7 
8 8 6 8 6 6 3 5 4 7                         7 2 8 

Step 56:
6 4 2 8 8 8 9 3 8 4 6 5 1 2 5 4 4 5 4 5 3 4 5 4 7 
1 1 3 3 8 4 2 7 8 7 2 5 3 2 2                   3 
2 2 4 7 6 8   9 3 2 1 4 3 7   2 9 6 2   1 5 6 4   
5 3 1 4 9 1     1 5 8 4 8   6       1     3 2   3 
6 5 6 5 2 3   5   5 4 6   1   7   8 8   1   4   8 
5 2 4 4 1 8   3 5   5   9   2   3 7 7   8 7     8 
              6 7 7   4   4   9 8 8 5   4 1 8   3 
  7 9 7 8     2 9 3 2   7           1             
  3 5 1 1     2 1     8 9 2 7 9 3   5 1 4 8 9     
  6 5 9 2     4       3 3 2 5 5 7               4 
  4 4 9 3       7   1   8 2 6 5 2   8   3 4   7 8 
  8 4 3 9     5 4   1 1   8 6 1 3   1 2     6 3 2 
  3 4 8 1   6 5 2   7   3   6 5 3   9 4     5 3 8 
  8 5 8 1   4 7 9     5   5   6 5 8     9   4 5 9 
  4 7 3 6   1 5 9       4 6 9   9 6     6   1 8 8 
  6 2 9 6   2 5   8     7 6   4 5   3 9     3 1 6 
  8 7 9 1   1 7       1 7   6   7 1   8 4   2 7 8 
  9 4 9 6   7 2     6 7   3     2 9 3   2 4 1 6 8 
  3 7 4 8   7 8   7 2   8   6   7 4 9 3   4 3 5 6 
  7 5 7 4   4   8 5   3   7 7   4 3 7 9 7   8 3 4 
  6 9 6 5     4 *       6 7 5   7 4 3 2 4 8   7 6 
  6 7 9 3   8 7         2 5 7   7 8 6 8 8 1 6   4 
  2 4 8 8 6 4 4 7     2   7 7                     
                  5   3 8                   2 9 7 
8 8 6 8 6 6 3 5 4 7                         7 2 8 

Step 57:
6 4 2 8 8 8 9 3 8 4 6 5 1 2 5 4 4 5 4 5 3 4 5 4 7 
1 1 3 3 8 4 2 7 8 7 2 5 3 2 2                   3 
2 2 4 7 6 8   9 3 2 1 4 3 7   2 9 6 2   1 5 6 4   
5 3 1 4 9 1     1 5 8 4 8   6       1     3 2   3 
6 5 6 5 2 3   5   5 4 6   1   7   8 8   1   4   8 
5 2 4 4 1 8   3 5   5   9   2   3 7 7   8 7     8 
              6 7 7   4   4   9 8 8 5   4 1 8   3 
  7 9 7 8     2 9 3 2   7           1             
  3 5 1 1     2 1     8 9 2 7 9 3   5 1 4 8 9     
  6 5 9 2     4       3 3 2 5 5 7               4 
  4 4 9 3       7   1   8 2 6 5 2   8   3 4   7 8 
  8 4 3 9     5 4   1 1   8 6 1 3   1 2     6 3 2 
  3 4 8 1   6 5 2   7   3   6 5 3   9 4     5 3 8 
  8 5 8 1   4 7 9     5   5   6 5 8     9   4 5 9 
  4 7 3 6   1 5 9       4 6 9   9 6     6   1 8 8 
  6 2 9 6   2 5   8     7 *   4 5   3 9     3 1 6 
  8 7 9 1   1 7       1     6   7 1   8 4   2 7 8 
  9 4 9 6   7 2     6     3     2 9 3   2 4 1 6 8 
  3 7 4 8   7 8   7     8   6   7 4 9 3   4 3 5 6 
  7 5 7 4   4   8     3   7 7   4 3 7 9 7   8 3 4 
  6 9 6 5     4         6 7 5   7 4 3 2 4 8   7 6 
  6 7 9 3   8 7         2 5 7   7 8 6 8 8 1 6   4 
  2 4 8 8 6 4 4 7     2   7 7                     
                  5   3 8                   2 9 7 
8 8 6 8 6 6 3 5 4 7                         7 2 8 

