Initial Board:
8 1 2 5 2 7 4 5 6 4 3 5 7 7 9 9 4 5 3 9 7 1 3 9 3 
1 9 1 8 2 1 4 8 1 3 2 5 5 5 9 1 6 2 1 8 2 3 5 2 2 
2 4 5 5 6 2 6 4 7 1 2 1 6 6 3 3 7 8 8 7 9 4 3 1 1 
7 2 9 5 6 6 1 3 3 5 5 1 7 7 4 9 5 2 8 1 3 9 4 9 7 
9 8 7 6 5 1 4 8 1 4 1 9 7 8 7 1 4 6 7 5 5 6 6 5 7 
5 9 7 4 9 9 6 2 6 1 5 3 4 5 1 4 9 9 2 3 5 5 9 2 3 
3 7 2 5 4 2 3 5 4 3 9 4 9 7 2 7 5 1 4 7 2 6 2 7 8 
2 3 5 3 7 4 6 4 4 8 1 3 1 7 3 1 5 6 2 9 7 7 5 5 3 
1 3 7 1 6 2 5 5 6 4 5 5 1 3 3 6 3 2 4 3 2 5 3 9 5 
8 3 1 3 6 4 5 3 8 9 3 7 6 9 2 7 1 4 6 5 4 6 4 3 3 
4 5 6 2 2 5 1 7 3 7 5 2 8 1 5 1 8 1 8 2 6 7 6 8 3 
9 6 1 3 3 1 3 8 5 1 6 4 5 1 1 1 8 9 8 8 9 8 5 7 6 
4 1 1 9 5 8 9 1 7 3 8 1 9 6 5 1 3 2 3 5 8 8 6 5 9 
2 5 6 9 7 7 5 7 6 1 6 8 1 8 2 1 3 9 2 5 1 8 4 5 8 
8 6 9 5 4 6 8 3 4 5 9 3 9 4 6 1 6 1 9 6 4 8 5 1 6 
8 2 9 5 8 6 9 4 8 5 9 2 8 3 7 7 2 6 6 4 9 7 4 4 3 
7 6 4 4 6 2 8 1 3 8 4 5 4 8 7 5 9 3 4 6 6 6 1 1 4 
3 4 4 1 1 2 4 3 6 1 7 4 2 7 5 1 3 6 1 5 9 9 9 4 1 
2 9 4 4 4 8 8 4 4 6 6 5 7 4 7 5 2 2 7 3 5 4 1 8 9 
7 1 1 2 8 6 6 8 5 9 5 3 7 4 3 2 2 3 6 4 4 6 3 9 3 
3 3 9 3 4 1 4 5 2 8 8 8 2 6 8 6 2 6 1 5 1 9 1 6 4 
6 1 8 7 4 9 8 * 5 4 2 6 1 1 5 1 2 5 3 1 8 8 9 5 4 
4 2 1 9 1 5 6 6 4 1 5 7 6 6 4 4 9 9 5 7 5 6 2 2 4 
5 8 1 5 2 7 9 1 6 2 9 5 3 7 7 7 8 6 7 9 4 9 8 5 8 
9 2 1 3 3 4 2 6 5 6 6 6 9 4 7 8 3 2 1 5 4 8 9 1 5 

Step 1:
8 1 2 5 2 7 4 5 6 4 3 5 7 7 9 9 4 5 3 9 7 1 3 9 3 
1 9 1 8 2 1 4 8 1 3 2 5 5 5 9 1 6 2 1 8 2 3 5 2 2 
2 4 5 5 6 2 6 4 7 1 2 1 6 6 3 3 7 8 8 7 9 4 3 1 1 
7 2 9 5 6 6 1 3 3 5 5 1 7 7 4 9 5 2 8 1 3 9 4 9 7 
9 8 7 6 5 1 4 8 1 4 1 9 7 8 7 1 4 6 7 5 5 6 6 5 7 
5 9 7 4 9 9 6 2 6 1 5 3 4 5 1 4 9 9 2 3 5 5 9 2 3 
3 7 2 5 4 2 3 5 4 3 9 4 9 7 2 7 5 1 4 7 2 6 2 7 8 
2 3 5 3 7 4 6 4 4 8 1 3 1 7 3 1 5 6 2 9 7 7 5 5 3 
1 3 7 1 6 2 5 5 6 4 5 5 1 3 3 6 3 2 4 3 2 5 3 9 5 
8 3 1 3 6 4 5 3 8 9 3 7 6 9 2 7 1 4 6 5 4 6 4 3 3 
4 5 6 2 2 5 1 7 3 7 5 2 8 1 5 1 8 1 8 2 6 7 6 8 3 
9 6 1 3 3 1 3 8 5 1 6 4 5 1 1 1 8 9 8 8 9 8 5 7 6 
4 1 1 9 5 8 9 1 7 3 8 1 9 6 5 1 3 2 3 5 8 8 6 5 9 
2 5 6 9 7 7 5 7 6 1 6 8 1 8 2 1 3 9 2 5 1 8 4 5 8 
8 6 9 5 4 6 8 3 4 5 9 3 9 4 6 1 6 1 9 6 4 8 5 1 6 
8 2 9 5 8 6 9 4 8 5 9 2 8 3 7 7 2 6 6 4 9 7 4 4 3 
7 6 4 4 6 2 8 1 3 8 4 5 4 8 7 5 9 3 4 6 6 6 1 1 4 
3 4 4 1 1 2 4 3 6 1 7 4 2 7 5 1 3 6 1 5 9 9 9 4 1 
2 9 4 4 4 8 8 4 4 6 6 5 7 4 7 5 2 2 7 3 5 4 1 8 9 
7 1 1 2 8 6 6 8 5 9 5 3 7 4 3 2 2 3 6 4 4 6 3 9 3 
3 3 9 3 4 1 4 5 2 8 8 8 2 6 8 6 2 6 1 5 1 9 1 6 4 
6 1 8 7 4 9 8           * 1 5 1 2 5 3 1 8 8 9 5 4 
4 2 1 9 1 5 6 6 4 1 5 7 6 6 4 4 9 9 5 7 5 6 2 2 4 
5 8 1 5 2 7 9 1 6 2 9 5 3 7 7 7 8 6 7 9 4 9 8 5 8 
9 2 1 3 3 4 2 6 5 6 6 6 9 4 7 8 3 2 1 5 4 8 9 1 5 

Step 2:
8 1 2 5 2 7 4 5 6 4 3 5 7 7 9 9 4 5 3 9 7 1 3 9 3 
1 9 1 8 2 1 4 8 1 3 2 5 5 5 9 1 6 2 1 8 2 3 5 2 2 
2 4 5 5 6 2 6 4 7 1 2 1 6 6 3 3 7 8 8 7 9 4 3 1 1 
7 2 9 5 6 6 1 3 3 5 5 1 7 7 4 9 5 2 8 1 3 9 4 9 7 
9 8 7 6 5 1 4 8 1 4 1 9 7 8 7 1 4 6 7 5 5 6 6 5 7 
5 9 7 4 9 9 6 2 6 1 5 3 4 5 1 4 9 9 2 3 5 5 9 2 3 
3 7 2 5 4 2 3 5 4 3 9 4 9 7 2 7 5 1 4 7 2 6 2 7 8 
2 3 5 3 7 4 6 4 4 8 1 3 1 7 3 1 5 6 2 9 7 7 5 5 3 
1 3 7 1 6 2 5 5 6 4 5 5 1 3 3 6 3 2 4 3 2 5 3 9 5 
8 3 1 3 6 4 5 3 8 9 3 7 6 9 2 7 1 4 6 5 4 6 4 3 3 
4 5 6 2 2 5 1 7 3 7 5 2 8 1 5 1 8 1 8 2 6 7 6 8 3 
9 6 1 3 3 1 3 8 5 1 6 4 5 1 1 1 8 9 8 8 9 8 5 7 6 
4 1 1 9 5 8 9 1 7 3 8 1 9 6 5 1 3 2 3 5 8 8 6 5 9 
2 5 6 9 7 7 5 7 6 1 6 8 1 8 2 1 3 9 2 5 1 8 4 5 8 
8 6 9 5 4 6 8 3 4 5 9 3 9 4 6 1 6 1 9 6 4 8 5 1 6 
8 2 9 5 8 6 9 4 8 5 9 2 8 3 7 7 2 6 * 4 9 7 4 4 3 
7 6 4 4 6 2 8 1 3 8 4 5 4 8 7 5 9   4 6 6 6 1 1 4 
3 4 4 1 1 2 4 3 6 1 7 4 2 7 5 1   6 1 5 9 9 9 4 1 
2 9 4 4 4 8 8 4 4 6 6 5 7 4 7   2 2 7 3 5 4 1 8 9 
7 1 1 2 8 6 6 8 5 9 5 3 7 4   2 2 3 6 4 4 6 3 9 3 
3 3 9 3 4 1 4 5 2 8 8 8 2   8 6 2 6 1 5 1 9 1 6 4 
6 1 8 7 4 9 8             1 5 1 2 5 3 1 8 8 9 5 4 
4 2 1 9 1 5 6 6 4 1 5 7 6 6 4 4 9 9 5 7 5 6 2 2 4 
5 8 1 5 2 7 9 1 6 2 9 5 3 7 7 7 8 6 7 9 4 9 8 5 8 
9 2 1 3 3 4 2 6 5 6 6 6 9 4 7 8 3 2 1 5 4 8 9 1 5 

Step 3:
8 1 2 5 2 7 4 5 6 4 3 5 7 7 9 9 4 5 3 9 7 1 3 9 3 
1 9 1 8 2 1 4 8 1 3 2 5 5 5 9 1 6 2 1 8 2 3 5 2 2 
2 4 5 5 6 2 6 4 7 1 2 1 6 6 3 3 7 8 8 7 9 4 3 1 1 
7 2 9 5 6 6 1 3 3 5 5 1 7 7 4 9 5 2 8 1 3 9 4 9 7 
9 8 7 6 5 1 4 8 1 4 1 9 7 8 7 1 4 6 7 5 5 6 6 5 7 
5 9 7 4 9 9 6 2 6 1 5 3 4 5 1 4 9 9 2 3 5 5 9 2 3 
3 7 2 5 4 2 3 5 4 3 9 4 9 7 2 7 5 1 4 7 2 6 2 7 8 
2 3 5 3 7 4 6 4 4 8 1 3 1 7 3 1 5 6 2 9 7 7 5 5 3 
1 3 7 1 6 2 5 5 6 4 5 5 1 3 3 6 3 2 4 3 2 5 3 9 5 
8 3 1 3 6 4 5 3 8 9 3 7 6 9 2 7 1 4 6 5 4 6 4 3 * 
4 5 6 2 2 5 1 7 3 7 5 2 8 1 5 1 8 1 8 2 6 7 6   3 
9 6 1 3 3 1 3 8 5 1 6 4 5 1 1 1 8 9 8 8 9 8   7 6 
4 1 1 9 5 8 9 1 7 3 8 1 9 6 5 1 3 2 3 5 8   6 5 9 
2 5 6 9 7 7 5 7 6 1 6 8 1 8 2 1 3 9 2 5   8 4 5 8 
8 6 9 5 4 6 8 3 4 5 9 3 9 4 6 1 6 1 9   4 8 5 1 6 
8 2 9 5 8 6 9 4 8 5 9 2 8 3 7 7 2 6   4 9 7 4 4 3 
7 6 4 4 6 2 8 1 3 8 4 5 4 8 7 5 9   4 6 6 6 1 1 4 
3 4 4 1 1 2 4 3 6 1 7 4 2 7 5 1   6 1 5 9 9 9 4 1 
2 9 4 4 4 8 8 4 4 6 6 5 7 4 7   2 2 7 3 5 4 1 8 9 
7 1 1 2 8 6 6 8 5 9 5 3 7 4   2 2 3 6 4 4 6 3 9 3 
3 3 9 3 4 1 4 5 2 8 8 8 2   8 6 2 6 1 5 1 9 1 6 4 
6 1 8 7 4 9 8             1 5 1 2 5 3 1 8 8 9 5 4 
4 2 1 9 1 5 6 6 4 1 5 7 6 6 4 4 9 9 5 7 5 6 2 2 4 
5 8 1 5 2 7 9 1 6 2 9 5 3 7 7 7 8 6 7 9 4 9 8 5 8 
9 2 1 3 3 4 2 6 5 6 6 6 9 4 7 8 3 2 1 5 4 8 9 1 5 

Step 4:
8 1 2 5 2 7 4 5 6 4 3 5 7 7 9 * 4 5 3 9 7 1 3 9 3 
1 9 1 8 2 1 4 8 1 3 2 5 5 5 9 1   2 1 8 2 3 5 2 2 
2 4 5 5 6 2 6 4 7 1 2 1 6 6 3 3 7   8 7 9 4 3 1 1 
7 2 9 5 6 6 1 3 3 5 5 1 7 7 4 9 5 2   1 3 9 4 9 7 
9 8 7 6 5 1 4 8 1 4 1 9 7 8 7 1 4 6 7   5 6 6 5 7 
5 9 7 4 9 9 6 2 6 1 5 3 4 5 1 4 9 9 2 3   5 9 2 3 
3 7 2 5 4 2 3 5 4 3 9 4 9 7 2 7 5 1 4 7 2   2 7 8 
2 3 5 3 7 4 6 4 4 8 1 3 1 7 3 1 5 6 2 9 7 7   5 3 
1 3 7 1 6 2 5 5 6 4 5 5 1 3 3 6 3 2 4 3 2 5 3   5 
8 3 1 3 6 4 5 3 8 9 3 7 6 9 2 7 1 4 6 5 4 6 4 3   
4 5 6 2 2 5 1 7 3 7 5 2 8 1 5 1 8 1 8 2 6 7 6   3 
9 6 1 3 3 1 3 8 5 1 6 4 5 1 1 1 8 9 8 8 9 8   7 6 
4 1 1 9 5 8 9 1 7 3 8 1 9 6 5 1 3 2 3 5 8   6 5 9 
2 5 6 9 7 7 5 7 6 1 6 8 1 8 2 1 3 9 2 5   8 4 5 8 
8 6 9 5 4 6 8 3 4 5 9 3 9 4 6 1 6 1 9   4 8 5 1 6 
8 2 9 5 8 6 9 4 8 5 9 2 8 3 7 7 2 6   4 9 7 4 4 3 
7 6 4 4 6 2 8 1 3 8 4 5 4 8 7 5 9   4 6 6 6 1 1 4 
3 4 4 1 1 2 4 3 6 1 7 4 2 7 5 1   6 1 5 9 9 9 4 1 
2 9 4 4 4 8 8 4 4 6 6 5 7 4 7   2 2 7 3 5 4 1 8 9 
7 1 1 2 8 6 6 8 5 9 5 3 7 4   2 2 3 6 4 4 6 3 9 3 
3 3 9 3 4 1 4 5 2 8 8 8 2   8 6 2 6 1 5 1 9 1 6 4 
6 1 8 7 4 9 8             1 5 1 2 5 3 1 8 8 9 5 4 
4 2 1 9 1 5 6 6 4 1 5 7 6 6 4 4 9 9 5 7 5 6 2 2 4 
5 8 1 5 2 7 9 1 6 2 9 5 3 7 7 7 8 6 7 9 4 9 8 5 8 
9 2 1 3 3 4 2 6 5 6 6 6 9 4 7 8 3 2 1 5 4 8 9 1 5 

Step 5:
8 1 2 5 2 7 *                   4 5 3 9 7 1 3 9 3 
1 9 1 8 2 1 4 8 1 3 2 5 5 5 9 1   2 1 8 2 3 5 2 2 
2 4 5 5 6 2 6 4 7 1 2 1 6 6 3 3 7   8 7 9 4 3 1 1 
7 2 9 5 6 6 1 3 3 5 5 1 7 7 4 9 5 2   1 3 9 4 9 7 
9 8 7 6 5 1 4 8 1 4 1 9 7 8 7 1 4 6 7   5 6 6 5 7 
5 9 7 4 9 9 6 2 6 1 5 3 4 5 1 4 9 9 2 3   5 9 2 3 
3 7 2 5 4 2 3 5 4 3 9 4 9 7 2 7 5 1 4 7 2   2 7 8 
2 3 5 3 7 4 6 4 4 8 1 3 1 7 3 1 5 6 2 9 7 7   5 3 
1 3 7 1 6 2 5 5 6 4 5 5 1 3 3 6 3 2 4 3 2 5 3   5 
8 3 1 3 6 4 5 3 8 9 3 7 6 9 2 7 1 4 6 5 4 6 4 3   
4 5 6 2 2 5 1 7 3 7 5 2 8 1 5 1 8 1 8 2 6 7 6   3 
9 6 1 3 3 1 3 8 5 1 6 4 5 1 1 1 8 9 8 8 9 8   7 6 
4 1 1 9 5 8 9 1 7 3 8 1 9 6 5 1 3 2 3 5 8   6 5 9 
2 5 6 9 7 7 5 7 6 1 6 8 1 8 2 1 3 9 2 5   8 4 5 8 
8 6 9 5 4 6 8 3 4 5 9 3 9 4 6 1 6 1 9   4 8 5 1 6 
8 2 9 5 8 6 9 4 8 5 9 2 8 3 7 7 2 6   4 9 7 4 4 3 
7 6 4 4 6 2 8 1 3 8 4 5 4 8 7 5 9   4 6 6 6 1 1 4 
3 4 4 1 1 2 4 3 6 1 7 4 2 7 5 1   6 1 5 9 9 9 4 1 
2 9 4 4 4 8 8 4 4 6 6 5 7 4 7   2 2 7 3 5 4 1 8 9 
7 1 1 2 8 6 6 8 5 9 5 3 7 4   2 2 3 6 4 4 6 3 9 3 
3 3 9 3 4 1 4 5 2 8 8 8 2   8 6 2 6 1 5 1 9 1 6 4 
6 1 8 7 4 9 8             1 5 1 2 5 3 1 8 8 9 5 4 
4 2 1 9 1 5 6 6 4 1 5 7 6 6 4 4 9 9 5 7 5 6 2 2 4 
5 8 1 5 2 7 9 1 6 2 9 5 3 7 7 7 8 6 7 9 4 9 8 5 8 
9 2 1 3 3 4 2 6 5 6 6 6 9 4 7 8 3 2 1 5 4 8 9 1 5 

Step 6:
8 1 2 5 2 7                     4 5 3 9 7 1 3 9 3 
1 9 1 8 2 1   8 1 3 2 5 5 5 9 1   2 1 8 2 3 5 2 2 
2 4 5 5 6 2   4 7 1 2 1 6 6 3 3 7   8 7 9 4 3 1 1 
7 2 9 5 6 6   3 3 5 5 1 7 7 4 9 5 2   1 3 9 4 9 7 
9 8 7 6 5 1 * 8 1 4 1 9 7 8 7 1 4 6 7   5 6 6 5 7 
5 9 7 4 9 9 6 2 6 1 5 3 4 5 1 4 9 9 2 3   5 9 2 3 
3 7 2 5 4 2 3 5 4 3 9 4 9 7 2 7 5 1 4 7 2   2 7 8 
2 3 5 3 7 4 6 4 4 8 1 3 1 7 3 1 5 6 2 9 7 7   5 3 
1 3 7 1 6 2 5 5 6 4 5 5 1 3 3 6 3 2 4 3 2 5 3   5 
8 3 1 3 6 4 5 3 8 9 3 7 6 9 2 7 1 4 6 5 4 6 4 3   
4 5 6 2 2 5 1 7 3 7 5 2 8 1 5 1 8 1 8 2 6 7 6   3 
9 6 1 3 3 1 3 8 5 1 6 4 5 1 1 1 8 9 8 8 9 8   7 6 
4 1 1 9 5 8 9 1 7 3 8 1 9 6 5 1 3 2 3 5 8   6 5 9 
2 5 6 9 7 7 5 7 6 1 6 8 1 8 2 1 3 9 2 5   8 4 5 8 
8 6 9 5 4 6 8 3 4 5 9 3 9 4 6 1 6 1 9   4 8 5 1 6 
8 2 9 5 8 6 9 4 8 5 9 2 8 3 7 7 2 6   4 9 7 4 4 3 
7 6 4 4 6 2 8 1 3 8 4 5 4 8 7 5 9   4 6 6 6 1 1 4 
3 4 4 1 1 2 4 3 6 1 7 4 2 7 5 1   6 1 5 9 9 9 4 1 
2 9 4 4 4 8 8 4 4 6 6 5 7 4 7   2 2 7 3 5 4 1 8 9 
7 1 1 2 8 6 6 8 5 9 5 3 7 4   2 2 3 6 4 4 6 3 9 3 
3 3 9 3 4 1 4 5 2 8 8 8 2   8 6 2 6 1 5 1 9 1 6 4 
6 1 8 7 4 9 8             1 5 1 2 5 3 1 8 8 9 5 4 
4 2 1 9 1 5 6 6 4 1 5 7 6 6 4 4 9 9 5 7 5 6 2 2 4 
5 8 1 5 2 7 9 1 6 2 9 5 3 7 7 7 8 6 7 9 4 9 8 5 8 
9 2 1 3 3 4 2 6 5 6 6 6 9 4 7 8 3 2 1 5 4 8 9 1 5 

Step 7:
8 1 2 5 2 7                     4 5 3 9 7 1 3 9 3 
1 9 1 8 2 1   8 1 3 2 5 5 5 9 1   2 1 8 2 3 5 2 2 
2 4 5 5 6 2   4 7 1 2 1 6 6 3 3 7   8 7 9 4 3 1 1 
7 2 9 5 6 6   3 3 5 5 1 7 7 4 9 5 2   1 3 9 4 9 7 
9 8 7 6 5 1                 * 1 4 6 7   5 6 6 5 7 
5 9 7 4 9 9 6 2 6 1 5 3 4 5 1 4 9 9 2 3   5 9 2 3 
3 7 2 5 4 2 3 5 4 3 9 4 9 7 2 7 5 1 4 7 2   2 7 8 
2 3 5 3 7 4 6 4 4 8 1 3 1 7 3 1 5 6 2 9 7 7   5 3 
1 3 7 1 6 2 5 5 6 4 5 5 1 3 3 6 3 2 4 3 2 5 3   5 
8 3 1 3 6 4 5 3 8 9 3 7 6 9 2 7 1 4 6 5 4 6 4 3   
4 5 6 2 2 5 1 7 3 7 5 2 8 1 5 1 8 1 8 2 6 7 6   3 
9 6 1 3 3 1 3 8 5 1 6 4 5 1 1 1 8 9 8 8 9 8   7 6 
4 1 1 9 5 8 9 1 7 3 8 1 9 6 5 1 3 2 3 5 8   6 5 9 
2 5 6 9 7 7 5 7 6 1 6 8 1 8 2 1 3 9 2 5   8 4 5 8 
8 6 9 5 4 6 8 3 4 5 9 3 9 4 6 1 6 1 9   4 8 5 1 6 
8 2 9 5 8 6 9 4 8 5 9 2 8 3 7 7 2 6   4 9 7 4 4 3 
7 6 4 4 6 2 8 1 3 8 4 5 4 8 7 5 9   4 6 6 6 1 1 4 
3 4 4 1 1 2 4 3 6 1 7 4 2 7 5 1   6 1 5 9 9 9 4 1 
2 9 4 4 4 8 8 4 4 6 6 5 7 4 7   2 2 7 3 5 4 1 8 9 
7 1 1 2 8 6 6 8 5 9 5 3 7 4   2 2 3 6 4 4 6 3 9 3 
3 3 9 3 4 1 4 5 2 8 8 8 2   8 6 2 6 1 5 1 9 1 6 4 
6 1 8 7 4 9 8             1 5 1 2 5 3 1 8 8 9 5 4 
4 2 1 9 1 5 6 6 4 1 5 7 6 6 4 4 9 9 5 7 5 6 2 2 4 
5 8 1 5 2 7 9 1 6 2 9 5 3 7 7 7 8 6 7 9 4 9 8 5 8 
9 2 1 3 3 4 2 6 5 6 6 6 9 4 7 8 3 2 1 5 4 8 9 1 5 

Step 8:
8 1 2 5 2 7                     4 5 3 9 7 1 3 9 3 
1 9 1 8 2 1   8 1 3 2 5 5 5 9 1   2 1 8 2 3 5 2 2 
2 4 5 5 6 2   4 7 1 2 1 6 6 3 3 7   8 7 9 4 3 1 1 
7 2 9 5 6 6   3 3 5 5 1 7 7 4 9 5 2   1 3 9 4 9 7 
9 8 7 6 5 1                   1 4 6 7   5 6 6 5 7 
5 9 7 4 9 9 6 2 6 1 5 3 4 5 1   9 9 2 3   5 9 2 3 
3 7 2 5 4 2 3 5 4 3 9 4 9 7 2 7   1 4 7 2   2 7 8 
2 3 5 3 7 4 6 4 4 8 1 3 1 7 3 1 5   2 9 7 7   5 3 
1 3 7 1 6 2 5 5 6 4 5 5 1 3 3 6 3 2 * 3 2 5 3   5 
8 3 1 3 6 4 5 3 8 9 3 7 6 9 2 7 1 4 6 5 4 6 4 3   
4 5 6 2 2 5 1 7 3 7 5 2 8 1 5 1 8 1 8 2 6 7 6   3 
9 6 1 3 3 1 3 8 5 1 6 4 5 1 1 1 8 9 8 8 9 8   7 6 
4 1 1 9 5 8 9 1 7 3 8 1 9 6 5 1 3 2 3 5 8   6 5 9 
2 5 6 9 7 7 5 7 6 1 6 8 1 8 2 1 3 9 2 5   8 4 5 8 
8 6 9 5 4 6 8 3 4 5 9 3 9 4 6 1 6 1 9   4 8 5 1 6 
8 2 9 5 8 6 9 4 8 5 9 2 8 3 7 7 2 6   4 9 7 4 4 3 
7 6 4 4 6 2 8 1 3 8 4 5 4 8 7 5 9   4 6 6 6 1 1 4 
3 4 4 1 1 2 4 3 6 1 7 4 2 7 5 1   6 1 5 9 9 9 4 1 
2 9 4 4 4 8 8 4 4 6 6 5 7 4 7   2 2 7 3 5 4 1 8 9 
7 1 1 2 8 6 6 8 5 9 5 3 7 4   2 2 3 6 4 4 6 3 9 3 
3 3 9 3 4 1 4 5 2 8 8 8 2   8 6 2 6 1 5 1 9 1 6 4 
6 1 8 7 4 9 8             1 5 1 2 5 3 1 8 8 9 5 4 
4 2 1 9 1 5 6 6 4 1 5 7 6 6 4 4 9 9 5 7 5 6 2 2 4 
5 8 1 5 2 7 9 1 6 2 9 5 3 7 7 7 8 6 7 9 4 9 8 5 8 
9 2 1 3 3 4 2 6 5 6 6 6 9 4 7 8 3 2 1 5 4 8 9 1 5 

Step 9:
8 1 2 5 2 7                     4 5 3 9 7 1 3 9 3 
1 9 1 8 2 1   8 1 3 2 5 5 5 9 1   2 1 8 2 3 5 2 2 
2 4 5 5 6 2   4 7 1 2 1 6 6 3 3 7   8 7 9 4 3 1 1 
7 2 9 5 6 6   3 3 5 5 1 7 7 4 9 5 2   1 3 9 4 9 7 
9 8 7 6 5 1                   1 4 6 7   5 6 6 5 7 
5 9 7 4 9 9 6 2 6 1 5 3 4 5 1   9 9 2 3   5 9 2 3 
3 7 2 5 4 2 3 5 4 3 9 4 9 7 2 7   1 4 7 2   2 7 8 
2 3 5 3 7 4 6 4 4 8 1 3 1 7 3 1 5   2 9 7 7   5 3 
1 3 7 1 6 2 5 5 6 4 5 5 1 3 3 6 3 2   3 2 5 3   5 
8 3 1 3 6 4 5 3 8 9 3 7 6 9 2 7 1 4 6   4 6 4 3   
4 5 6 2 2 5 1 7 3 7 5 2 8 1 5 1 8 1 8 2   7 6   3 
9 6 1 3 3 1 3 8 5 1 6 4 5 1 1 1 8 9 8 8 9     7 6 
4 1 1 9 5 8 9 1 7 3 8 1 9 6 5 1 3 2 3 5 8     5 9 
2 5 6 9 7 7 5 7 6 1 6 8 1 8 2 1 3 9 2 5   8 4 * 8 
8 6 9 5 4 6 8 3 4 5 9 3 9 4 6 1 6 1 9   4 8 5 1 6 
8 2 9 5 8 6 9 4 8 5 9 2 8 3 7 7 2 6   4 9 7 4 4 3 
7 6 4 4 6 2 8 1 3 8 4 5 4 8 7 5 9   4 6 6 6 1 1 4 
3 4 4 1 1 2 4 3 6 1 7 4 2 7 5 1   6 1 5 9 9 9 4 1 
2 9 4 4 4 8 8 4 4 6 6 5 7 4 7   2 2 7 3 5 4 1 8 9 
7 1 1 2 8 6 6 8 5 9 5 3 7 4   2 2 3 6 4 4 6 3 9 3 
3 3 9 3 4 1 4 5 2 8 8 8 2   8 6 2 6 1 5 1 9 1 6 4 
6 1 8 7 4 9 8             1 5 1 2 5 3 1 8 8 9 5 4 
4 2 1 9 1 5 6 6 4 1 5 7 6 6 4 4 9 9 5 7 5 6 2 2 4 
5 8 1 5 2 7 9 1 6 2 9 5 3 7 7 7 8 6 7 9 4 9 8 5 8 
9 2 1 3 3 4 2 6 5 6 6 6 9 4 7 8 3 2 1 5 4 8 9 1 5 

Step 10:
8 1 2 5 2 7                     4 5 3 9 7 1 3 9 3 
1 9 1 8 2 1   8 1 3 2 5 5 5 9 1   2 1 8 2 3 5 2 2 
2 4 5 5 6 2   4 7 1 2 1 6 6 3 3 7   8 7 9 4 3 1 1 
7 2 9 5 6 6   3 3 5 5 1 7 7 4 9 5 2   1 3 9 4 9 7 
9 8 7 6 5 1                   1 4 6 7   5 6 6 5 7 
5 9 7 4 9 9 6 2 6 1 5 3 4 5 1   9 9 2 3   5 9 2 3 
3 7 2 5 4 2 3 5 4 3 9 4 9 7 2 7   1 4 7 2   2 7 8 
2 3 5 3 7 4 6 4 4 8 1 3 1 7 3 1 5   2 9 7 7   5 3 
1 3 7 1 6 2 5 5 6 4 5 5 1 3 3 6 3 2   3 2 5 3   5 
8 3 1 3 6 4 5 3 8 9 3 7 6 9 2 7 1 4 6   4 6 4 3   
4 5 6 2 2 5 1 7 3 7 5 2 8 1 5 1 8 1 8 2   7 6   3 
9 6 1 3 3 1 3 8 5 1 6 4 5 1 1 1 8 9 8 8 9     7 6 
4 1 1 9 5 8 9 1 7 3 8 1 9 6 5 1 3 2 3 5 8     5 9 
2 5 6 9 7 7 5 7 6 1 6 8 1 8 2 1 3 9 2 5   8 4   8 
8 6 9 5 4 6 8 3 4 5 9 3 9 4 6 1 6 1 9   4 8   1 6 
8 2 9 5 8 6 9 4 8 5 9 2 8 3 7 7 2 6   4 9   4 4 3 
7 6 4 4 6 2 8 1 3 8 4 5 4 8 7 5 9   4 6   6 1 1 4 
3 4 4 1 1 2 4 3 6 1 7 4 2 7 5 1   6 1   9 9 9 4 1 
2 9 4 4 4 8 8 4 4 6 6 5 7 4 7   2 2 * 3 5 4 1 8 9 
7 1 1 2 8 6 6 8 5 9 5 3 7 4   2 2 3 6 4 4 6 3 9 3 
3 3 9 3 4 1 4 5 2 8 8 8 2   8 6 2 6 1 5 1 9 1 6 4 
6 1 8 7 4 9 8             1 5 1 2 5 3 1 8 8 9 5 4 
4 2 1 9 1 5 6 6 4 1 5 7 6 6 4 4 9 9 5 7 5 6 2 2 4 
5 8 1 5 2 7 9 1 6 2 9 5 3 7 7 7 8 6 7 9 4 9 8 5 8 
9 2 1 3 3 4 2 6 5 6 6 6 9 4 7 8 3 2 1 5 4 8 9 1 5 

Step 11:
8 1 2 5 2 7                     4 5 3 9 7 1 3 9 3 
1 9 1 8 2 1   8 1 3 2 5 5 5 9 1   2 1 8 2 3 5 2 2 
2 4 5 5 6 2   4 7 1 2 1 6 6 3 3 7   8 7 9 4 3 1 1 
7 2 9 5 6 6   3 3 5 5 1 7 7 4 9 5 2   1 3 9 4 9 7 
9 8 7 6 5 1                   1 4 6 7   5 6 6 5 7 
5 9 7 4 9 9 6 2 6 1 5 3 4 5 1   9 9 2 3   5 9 2 3 
3 7 2 5 4 2 3 5 4 3 9 4 9 7 2 7   1 4 7 2   2 7 8 
2 3 5 3 7 4 6 4 4 8 1 3 1 7 3 1 5   2 9 7 7   5 3 
1 3 7 1 6 2 5 5 6 4 5 5 1 3 3 6 3 2   3 2 5 3   5 
8 3 1 3 6 4 5 3 8 9 3 7 6 9 2 7 1 4 6   4 6 4 3   
4 5 6 2 2 5 1 7 3 7 5 2 8 1 5 1 8 1 8 2   7 6   3 
9 6 1 3 3 1 3 8 5 1 6 4 5 1 1 1 8 9 8 8 9     7 6 
4 1 1 9 5 8 9 1 7 3 8 1 * 6 5 1 3 2 3 5 8     5 9 
2 5 6 9 7 7 5 7 6 1 6 8 1   2 1 3 9 2 5   8 4   8 
8 6 9 5 4 6 8 3 4 5 9 3 9 4   1 6 1 9   4 8   1 6 
8 2 9 5 8 6 9 4 8 5 9 2 8 3 7   2 6   4 9   4 4 3 
7 6 4 4 6 2 8 1 3 8 4 5 4 8 7 5     4 6   6 1 1 4 
3 4 4 1 1 2 4 3 6 1 7 4 2 7 5 1     1   9 9 9 4 1 
2 9 4 4 4 8 8 4 4 6 6 5 7 4 7   2 2   3 5 4 1 8 9 
7 1 1 2 8 6 6 8 5 9 5 3 7 4   2 2 3 6 4 4 6 3 9 3 
3 3 9 3 4 1 4 5 2 8 8 8 2   8 6 2 6 1 5 1 9 1 6 4 
6 1 8 7 4 9 8             1 5 1 2 5 3 1 8 8 9 5 4 
4 2 1 9 1 5 6 6 4 1 5 7 6 6 4 4 9 9 5 7 5 6 2 2 4 
5 8 1 5 2 7 9 1 6 2 9 5 3 7 7 7 8 6 7 9 4 9 8 5 8 
9 2 1 3 3 4 2 6 5 6 6 6 9 4 7 8 3 2 1 5 4 8 9 1 5 

Step 12:
8 1 2 5 2 7                     4 5 3 9 7 1 3 9 3 
1 9 1 8 2 1   8 1 3 2 5 5 5 9 1   2 1 8 2 3 5 2 2 
2 4 5 5 6 2   4 7 1 2 1 6 6 3 3 7   8 7 9 4 3 1 1 
7 2 9 5 6 6   3 3 5 5 1 7 7 4 9 5 2   1 3 9 4 9 7 
9 8 7 6 5 1                   1 4 6 7   5 6 6 5 7 
5 9 7 4 9 9 6 2 6 1 5 3 4 5 1   9 9 2 3   5 9 2 3 
3 7 2 5 4 2 3 5 4 3 9 4 9 7 2 7   1 4 7 2   2 7 8 
2 3 5 3 7 4 6 4 4 8 1 3 1 7 3 1 5   2 9 7 7   5 3 
1 3 7 1 6 2 5 5 6 4 5 5 1 3 3 6 3 2   3 2 5 3   5 
8 3 1 3 6 4 5 3 8 9 3 7 6 9 2 7 1 4 6   4 6 4 3   
4 5 6 2 2 5 1 7 3 7 5 2 8 1 5 1 8 1 8 2   7 6   3 
9 6 1 3 3 1 3 8 5 1 6 4 5 1 1 1 8 9 8 8 9     7 6 
4 1 1 9 5 8 9 1 7 3 8 *   6 5 1 3 2 3 5 8     5 9 
2 5 6 9 7 7 5 7 6 1 6 8 1   2 1 3 9 2 5   8 4   8 
8 6 9 5 4 6 8 3 4 5 9 3 9 4   1 6 1 9   4 8   1 6 
8 2 9 5 8 6 9 4 8 5 9 2 8 3 7   2 6   4 9   4 4 3 
7 6 4 4 6 2 8 1 3 8 4 5 4 8 7 5     4 6   6 1 1 4 
3 4 4 1 1 2 4 3 6 1 7 4 2 7 5 1     1   9 9 9 4 1 
2 9 4 4 4 8 8 4 4 6 6 5 7 4 7   2 2   3 5 4 1 8 9 
7 1 1 2 8 6 6 8 5 9 5 3 7 4   2 2 3 6 4 4 6 3 9 3 
3 3 9 3 4 1 4 5 2 8 8 8 2   8 6 2 6 1 5 1 9 1 6 4 
6 1 8 7 4 9 8             1 5 1 2 5 3 1 8 8 9 5 4 
4 2 1 9 1 5 6 6 4 1 5 7 6 6 4 4 9 9 5 7 5 6 2 2 4 
5 8 1 5 2 7 9 1 6 2 9 5 3 7 7 7 8 6 7 9 4 9 8 5 8 
9 2 1 3 3 4 2 6 5 6 6 6 9 4 7 8 3 2 1 5 4 8 9 1 5 

Step 13:
8 1 2 5 2 7                     4 5 3 9 7 1 3 9 3 
1 9 1 8 2 1   8 1 3 2 5 5 5 9 1   2 1 8 2 3 5 2 2 
2 4 5 5 6 2   4 7 1 2 1 6 6 3 3 7   8 7 9 4 3 1 1 
7 2 9 5 6 6   3 3 5 5 1 7 7 4 9 5 2   1 3 9 4 9 7 
9 8 7 6 5 1                   1 4 6 7   5 6 6 5 7 
5 9 7 4 9 9 6 2 6 1 5 3 4 5 1   9 9 2 3   5 9 2 3 
3 7 2 5 4 2 3 5 4 3 9 4 9 7 2 7   1 4 7 2   2 7 8 
2 3 5 3 7 4 6 4 4 8 1 3 1 7 3 1 5   2 9 7 7   5 3 
1 3 7 1 6 2 5 5 6 4 5 5 1 3 3 6 3 2   3 2 5 3   5 
8 3 1 3 6 4 5 3 8 9 3 7 6 9 2 7 1 4 6   4 6 4 3   
4 5 6 2 2 5 1 7 3 7 5 2 8 1 5 1 8 1 8 2   7 6   3 
9 6 1 3 3 1 3 8 5 1 6 4 5 1 1 1 8 9 8 8 9     7 6 
4 1 1 9 5 8 9 1 7 3 8     6 5 1 3 2 3 5 8     5 9 
2 5 6 9 7 7 5 7 6 1 6   1   2 1 3 9 2 5   8 4   8 
8 6 9 5 4 6 8 3 4 5 9   9 4   1 6 1 9   4 8   1 6 
8 2 9 5 8 6 9 4 8 5 9   8 3 7   2 6   4 9   4 4 3 
7 6 4 4 6 2 8 1 3 8 4   4 8 7 5     4 6   6 1 1 4 
3 4 4 1 1 2 4 3 6 1 7   2 7 5 1     1   9 9 9 4 1 
2 9 4 4 4 8 8 4 4 6 6   7 4 7   2 2   3 5 4 1 8 9 
7 1 1 2 8 6 6 8 5 9 5   7 4   2 2 3 6 4 4 6 3 9 3 
3 3 9 3 4 1 4 5 2 8 8 * 2   8 6 2 6 1 5 1 9 1 6 4 
6 1 8 7 4 9 8             1 5 1 2 5 3 1 8 8 9 5 4 
4 2 1 9 1 5 6 6 4 1 5 7 6 6 4 4 9 9 5 7 5 6 2 2 4 
5 8 1 5 2 7 9 1 6 2 9 5 3 7 7 7 8 6 7 9 4 9 8 5 8 
9 2 1 3 3 4 2 6 5 6 6 6 9 4 7 8 3 2 1 5 4 8 9 1 5 

Step 14:
8 1 2 5 2 7                     4 5 3 9 7 1 3 9 3 
1 9 1 8 2 1   8 1 3 2 5 5 5 9 1   2 1 8 2 3 5 2 2 
2 4 5 5 6 2   4 7 1 2 1 6 6 3 3 7   8 7 9 4 3 1 1 
7 2 9 5 6 6   3 3 5 5 1 7 7 4 9 5 2   1 3 9 4 9 7 
9 8 7 6 5 1                   1 4 6 7   5 6 6 5 7 
5 9 7 4 9 9 6 2 6 1 5 3 4 5 1   9 9 2 3   5 9 2 3 
3 7 2 5 4 2 3 5 4 3 9 4 9 7 2 7   1 4 7 2   2 7 8 
2 3 5 3 7 4 6 4 4 8 1 3 1 7 3 1 5   2 9 7 7   5 3 
1 3 7 1 6 2 5 5 6 4 5 5 1 3 3 6 3 2   3 2 5 3   5 
8 3 1 3 6 4 5 3 8 9 3 7 6 9 2 7 1 4 6   4 6 4 3   
4 5 6 2 2 5 1 7 3 7 5 2 8 1 5 1 8 1 8 2   7 6   3 
9 6 1 3 3 1 3 8 5 1 6 4 5 1 1 1 8 9 8 8 9     7 6 
4 1 1 9 5 8 9 1 7 3 8     6 5 1 3 2 3 5 8     5 9 
2 5 6 9 7 7 5 7 6 1 6   1   2 1 3 9 * 5   8 4   8 
8 6 9 5 4 6 8 3 4 5 9   9 4   1 6   9   4 8   1 6 
8 2 9 5 8 6 9 4 8 5 9   8 3 7     6   4 9   4 4 3 
7 6 4 4 6 2 8 1 3 8 4   4 8 7       4 6   6 1 1 4 
3 4 4 1 1 2 4 3 6 1 7   2 7   1     1   9 9 9 4 1 
2 9 4 4 4 8 8 4 4 6 6   7   7   2 2   3 5 4 1 8 9 
7 1 1 2 8 6 6 8 5 9 5     4   2 2 3 6 4 4 6 3 9 3 
3 3 9 3 4 1 4 5 2 8 8   2   8 6 2 6 1 5 1 9 1 6 4 
6 1 8 7 4 9 8             1 5 1 2 5 3 1 8 8 9 5 4 
4 2 1 9 1 5 6 6 4 1 5 7 6 6 4 4 9 9 5 7 5 6 2 2 4 
5 8 1 5 2 7 9 1 6 2 9 5 3 7 7 7 8 6 7 9 4 9 8 5 8 
9 2 1 3 3 4 2 6 5 6 6 6 9 4 7 8 3 2 1 5 4 8 9 1 5 

Step 15:
8 1 2 5 2 7                     4 5 3 9 7 1 3 9 3 
1 9 1 8 2 1   8 1 3 2 5 5 5 9 1   2 1 8 2 3 5 2 2 
2 4 5 5 6 2   4 7 1 2 1 6 6 3 3 7   8 7 9 4 3 1 1 
7 2 9 5 6 6   3 3 5 5 1 7 7 4 9 5 2   1 3 9 4 9 7 
9 8 7 6 5 1                   1 4 6 7   5 6 6 5 7 
5 9 7 4 9 9 6 2 6 1 5 3 4 5 1   9 9 2 3   5 9 2 3 
3 7 2 5 4 2 3 5 4 3 9 4 9 7 2 7   1 4 7 2   2 7 8 
2 3 5 3 7 4 6 4 4 8 1 3 1 7 3 1 5   2 9 7 7   5 3 
1 3 7 1 6 2 5 5 6 4 5 5 1 3 3 6 3 2   3 2 5 3   5 
8 3 1 3 6 4 5 3 8 9 3 7 6 9 2 7 1 4 6   4 6 4 3   
4 5 6 2 2 5 1 7 3 7 5 2 8 1 5 1 8 1 * 2   7 6   3 
9 6 1 3 3 1 3 8 5 1 6 4 5 1 1 1 8 9   8 9     7 6 
4 1 1 9 5 8 9 1 7 3 8     6 5 1 3 2   5 8     5 9 
2 5 6 9 7 7 5 7 6 1 6   1   2 1 3 9   5   8 4   8 
8 6 9 5 4 6 8 3 4 5 9   9 4   1 6   9   4 8   1 6 
8 2 9 5 8 6 9 4 8 5 9   8 3 7     6   4 9   4 4 3 
7 6 4 4 6 2 8 1 3 8 4   4 8 7       4 6   6 1 1 4 
3 4 4 1 1 2 4 3 6 1 7   2 7   1     1   9 9 9 4 1 
2 9 4 4 4 8 8 4 4 6 6   7   7   2 2   3 5 4 1 8 9 
7 1 1 2 8 6 6 8 5 9 5     4   2 2 3 6 4 4 6 3 9 3 
3 3 9 3 4 1 4 5 2 8 8   2   8 6 2 6 1 5 1 9 1 6 4 
6 1 8 7 4 9 8             1 5 1 2 5 3 1 8 8 9 5 4 
4 2 1 9 1 5 6 6 4 1 5 7 6 6 4 4 9 9 5 7 5 6 2 2 4 
5 8 1 5 2 7 9 1 6 2 9 5 3 7 7 7 8 6 7 9 4 9 8 5 8 
9 2 1 3 3 4 2 6 5 6 6 6 9 4 7 8 3 2 1 5 4 8 9 1 5 

Step 16:
8 1 2 5 2 7                     4 5 3 9 7 1 3 9 3 
1 9 1 8 2 1   8 1 3 2 5 5 5 9 1   2 1 8 2 3 5 2 2 
2 4 5 5 6 2   4 7 1 2 1 6 6 3 3 7   8 7 9 4 3 1 1 
7 2 9 5 6 6   3 3 5 5 1 7 7 4 9 5 2   1 3 9 4 9 7 
9 8 7 6 5 1                   1 4 6 7   5 6 6 5 7 
5 9 7 4 9 9 6 2 6 1 5 3 4 5 1   9 9 2 3   5 9 2 3 
3 7 2 5 4 2 3 5 4 3 9 4 9 7 2 7   1 4 7 2   2 7 8 
2 3 5 3 7 4 6 4 4 8 1 3 1 7 3 1 5   2 9 7 7   5 3 
1 3 7 1 6 2 5 5 6 4 5 5 1 3 3 6 3 2   3 2 5 3   5 
8 3 1 3 6 4 5 3 8 9 3 7 6 9 2 7 1 4 6   4 6 4 3   
4 5 6 2 2 5 1 7 3 7 5 2 8 1 5 1 8 *   2   7 6   3 
9 6 1 3 3 1 3 8 5 1 6 4 5 1 1 1 8 9   8 9     7 6 
4 1 1 9 5 8 9 1 7 3 8     6 5 1 3 2   5 8     5 9 
2 5 6 9 7 7 5 7 6 1 6   1   2 1 3 9   5   8 4   8 
8 6 9 5 4 6 8 3 4 5 9   9 4   1 6   9   4 8   1 6 
8 2 9 5 8 6 9 4 8 5 9   8 3 7     6   4 9   4 4 3 
7 6 4 4 6 2 8 1 3 8 4   4 8 7       4 6   6 1 1 4 
3 4 4 1 1 2 4 3 6 1 7   2 7   1     1   9 9 9 4 1 
2 9 4 4 4 8 8 4 4 6 6   7   7   2 2   3 5 4 1 8 9 
7 1 1 2 8 6 6 8 5 9 5     4   2 2 3 6 4 4 6 3 9 3 
3 3 9 3 4 1 4 5 2 8 8   2   8 6 2 6 1 5 1 9 1 6 4 
6 1 8 7 4 9 8             1 5 1 2 5 3 1 8 8 9 5 4 
4 2 1 9 1 5 6 6 4 1 5 7 6 6 4 4 9 9 5 7 5 6 2 2 4 
5 8 1 5 2 7 9 1 6 2 9 5 3 7 7 7 8 6 7 9 4 9 8 5 8 
9 2 1 3 3 4 2 6 5 6 6 6 9 4 7 8 3 2 1 5 4 8 9 1 5 

Step 17:
8 1 2 5 2 7                     4 5 3 9 7 1 3 9 3 
1 9 1 8 2 1   8 1 3 2 5 5 5 9 1   2 1 8 2 3 5 2 2 
2 4 5 5 6 2   4 7 1 2 1 6 6 3 3 7   8 7 9 4 3 1 1 
7 2 9 5 6 6   3 3 5 5 1 7 7 4 9 5 2   1 3 9 4 9 7 
9 8 7 6 5 1                   1 4 6 7   5 6 6 5 7 
5 9 7 4 9 9 6 2 6 1 5 3 4 5 1   9 9 2 3   5 9 2 3 
3 7 2 5 4 2 3 5 4 3 9 4 9 7 2 7   1 4 7 2   2 7 8 
2 3 5 3 7 4 6 4 4 8 1 3 1 7 3 1 5   2 9 7 7   5 3 
1 3 7 1 6 2 5 5 6 4 5 5 1 3 3 6 3 2   3 2 5 3   5 
8 3 1 3 6 4 5 3 8 9 3 7 6 9 2 7 * 4 6   4 6 4 3   
4 5 6 2 2 5 1 7 3 7 5 2 8 1 5 1 8     2   7 6   3 
9 6 1 3 3 1 3 8 5 1 6 4 5 1 1 1 8 9   8 9     7 6 
4 1 1 9 5 8 9 1 7 3 8     6 5 1 3 2   5 8     5 9 
2 5 6 9 7 7 5 7 6 1 6   1   2 1 3 9   5   8 4   8 
8 6 9 5 4 6 8 3 4 5 9   9 4   1 6   9   4 8   1 6 
8 2 9 5 8 6 9 4 8 5 9   8 3 7     6   4 9   4 4 3 
7 6 4 4 6 2 8 1 3 8 4   4 8 7       4 6   6 1 1 4 
3 4 4 1 1 2 4 3 6 1 7   2 7   1     1   9 9 9 4 1 
2 9 4 4 4 8 8 4 4 6 6   7   7   2 2   3 5 4 1 8 9 
7 1 1 2 8 6 6 8 5 9 5     4   2 2 3 6 4 4 6 3 9 3 
3 3 9 3 4 1 4 5 2 8 8   2   8 6 2 6 1 5 1 9 1 6 4 
6 1 8 7 4 9 8             1 5 1 2 5 3 1 8 8 9 5 4 
4 2 1 9 1 5 6 6 4 1 5 7 6 6 4 4 9 9 5 7 5 6 2 2 4 
5 8 1 5 2 7 9 1 6 2 9 5 3 7 7 7 8 6 7 9 4 9 8 5 8 
9 2 1 3 3 4 2 6 5 6 6 6 9 4 7 8 3 2 1 5 4 8 9 1 5 

Step 18:
8 1 2 5 2 7                     4 5 3 9 7 1 3 9 3 
1 9 1 8 2 1   8 1 3 2 5 5 5 9 1   2 1 8 2 3 5 2 2 
2 4 5 5 6 2   4 7 1 2 1 6 6 3 3 7   8 7 9 4 3 1 1 
7 2 9 5 6 6   3 3 5 5 1 7 7 4 9 5 2   1 3 9 4 9 7 
9 8 7 6 5 1                   1 4 6 7   5 6 6 5 7 
5 9 7 4 9 9 6 2 6 1 5 3 4 5 1   9 9 2 3   5 9 2 3 
3 7 2 5 4 2 3 5 4 3 9 4 9 7 2 7   1 4 7 2   2 7 8 
2 3 5 3 7 4 6 4 4 8 1 3 1 7 3 1 5   2 9 7 7   5 3 
1 3 7 1 6 2 5 5 6 4 5 5 1 3 3 6 3 2   3 2 5 3   5 
8 3 1 3 6 4 5 3 8 *               4 6   4 6 4 3   
4 5 6 2 2 5 1 7 3 7 5 2 8 1 5 1 8     2   7 6   3 
9 6 1 3 3 1 3 8 5 1 6 4 5 1 1 1 8 9   8 9     7 6 
4 1 1 9 5 8 9 1 7 3 8     6 5 1 3 2   5 8     5 9 
2 5 6 9 7 7 5 7 6 1 6   1   2 1 3 9   5   8 4   8 
8 6 9 5 4 6 8 3 4 5 9   9 4   1 6   9   4 8   1 6 
8 2 9 5 8 6 9 4 8 5 9   8 3 7     6   4 9   4 4 3 
7 6 4 4 6 2 8 1 3 8 4   4 8 7       4 6   6 1 1 4 
3 4 4 1 1 2 4 3 6 1 7   2 7   1     1   9 9 9 4 1 
2 9 4 4 4 8 8 4 4 6 6   7   7   2 2   3 5 4 1 8 9 
7 1 1 2 8 6 6 8 5 9 5     4   2 2 3 6 4 4 6 3 9 3 
3 3 9 3 4 1 4 5 2 8 8   2   8 6 2 6 1 5 1 9 1 6 4 
6 1 8 7 4 9 8             1 5 1 2 5 3 1 8 8 9 5 4 
4 2 1 9 1 5 6 6 4 1 5 7 6 6 4 4 9 9 5 7 5 6 2 2 4 
5 8 1 5 2 7 9 1 6 2 9 5 3 7 7 7 8 6 7 9 4 9 8 5 8 
9 2 1 3 3 4 2 6 5 6 6 6 9 4 7 8 3 2 1 5 4 8 9 1 5 

Step 19:
8 1 2 5 2 7                     4 5 3 9 7 1 3 9 3 
1 9 1 8 2 1   8 1 3 2 5 5 5 9 1   2 1 8 2 3 5 2 2 
2 4 5 5 6 2   4 7 1 2 1 6 6 3 3 7   8 7 9 4 3 1 1 
7 2 9 5 6 6   3 3 5 5 1 7 7 4 9 5 2   1 3 9 4 9 7 
9 8 7 6 5 1                   1 4 6 7   5 6 6 5 7 
5 9 7 4 9 9 6 2 6 1 5 3 4 5 1   9 9 2 3   5 9 2 3 
3 7 2 5 4 2 3 5 4 3 9 4 9 7 2 7   1 4 7 2   2 7 8 
2 3 5 3 7 4 6 4 4 8 1 3 1 7 3 1 5   2 9 7 7   5 3 
1 3 7 1 6 2 5 5 6 4 5 5 1 3 3 6 3 2   3 2 5 3   5 
8 3 1 3 6 4 5 3 8                 4 6   4 6 4 3   
4 5 6 2 2 5 1 7 3   5 2 8 1 5 1 8     2   7 6   3 
9 6 1 3 3 1 3 8 5   6 4 5 1 1 1 8 9   8 9     7 6 
4 1 1 9 5 8 9 1 7   8     6 5 1 3 2   5 8     5 9 
2 5 6 9 7 7 5 7 6   6   1   2 1 3 9   5   8 4   8 
8 6 9 5 4 6 8 3 4   9   9 4   1 6   9   4 8   1 6 
8 2 9 5 8 6 9 4 8   9   8 3 7     6   4 9   4 4 3 
7 6 4 4 6 2 8 1 3 * 4   4 8 7       4 6   6 1 1 4 
3 4 4 1 1 2 4 3 6 1 7   2 7   1     1   9 9 9 4 1 
2 9 4 4 4 8 8 4 4 6 6   7   7   2 2   3 5 4 1 8 9 
7 1 1 2 8 6 6 8 5 9 5     4   2 2 3 6 4 4 6 3 9 3 
3 3 9 3 4 1 4 5 2 8 8   2   8 6 2 6 1 5 1 9 1 6 4 
6 1 8 7 4 9 8             1 5 1 2 5 3 1 8 8 9 5 4 
4 2 1 9 1 5 6 6 4 1 5 7 6 6 4 4 9 9 5 7 5 6 2 2 4 
5 8 1 5 2 7 9 1 6 2 9 5 3 7 7 7 8 6 7 9 4 9 8 5 8 
9 2 1 3 3 4 2 6 5 6 6 6 9 4 7 8 3 2 1 5 4 8 9 1 5 

Step 20:
8 1 2 5 2 7                     4 5 3 9 7 1 3 9 3 
1 9 1 8 2 1   8 1 3 2 5 5 5 9 1   2 1 8 2 3 5 2 2 
2 4 5 5 6 2   4 7 1 2 1 6 6 3 3 7   8 7 9 4 3 1 1 
7 2 9 5 6 6   3 3 5 5 1 7 7 4 9 5 2   1 3 9 4 9 7 
9 8 7 6 5 1                   1 4 6 7   5 6 6 5 7 
5 9 7 4 9 9 6 2 6 1 5 3 4 5 1   9 9 2 3   5 9 2 3 
3 7 2 5 4 2 3 5 4 3 9 4 9 7 2 7   1 4 7 2   2 7 8 
2 3 5 3 7 4 6 4 4 8 1 3 1 7 3 1 5   2 9 7 7   5 3 
1 3 7 1 6 2 5 5 6 4 5 5 1 3 3 6 3 2   3 2 5 3   5 
8 3 1 3 6 4 5 3 8                 4 6   4 6 4 3   
4 5 6 2 2 5 1 7 3   5 2 8 1 5 1 8     2   7 6   3 
9 6 1 3 3 1 3 8 5   6 4 5 1 1 1 8 9   8 9     7 6 
4 1 1 9 5 8 9 1 7   8     6 5 1 3 2   5 8     5 9 
2 5 6 9 7 7 5 7 6   6   1   2 1 3 9   5   8 4   8 
8 6 9 5 4 6 8 3 4   9   9 4   1 6   9   4 8   1 6 
8 2 9 5 8 6 9 4 8   9   8 3 7     6   4 9   4 4 3 
7 6 4 4 6 2 8 1 3   4   4 8 7       4 6   6 1 1 4 
3 4 4 1 1 2 4 3   1 7   2 7   1     1   9 9 9 4 1 
2 9 4 4 4 8 8   4 6 6   7   7   2 2   3 5 4 1 8 9 
7 1 1 2 8 6   8 5 9 5     4   2 2 3 6 4 4 6 3 9 3 
3 3 9 3 4   4 5 2 8 8   2   8 6 2 6 1 5 1 9 1 6 4 
6 1 8 7   9 8             1 5 1 2 5 3 1 8 8 9 5 4 
4 2 1 * 1 5 6 6 4 1 5 7 6 6 4 4 9 9 5 7 5 6 2 2 4 
5 8 1 5 2 7 9 1 6 2 9 5 3 7 7 7 8 6 7 9 4 9 8 5 8 
9 2 1 3 3 4 2 6 5 6 6 6 9 4 7 8 3 2 1 5 4 8 9 1 5 

Step 21:
8 1 2 5 2 7                     4 5 3 9 7 1 3 9 3 
1 9 1 8 2 1   8 1 3 2 5 5 5 9 1   2 1 8 2 3 5 2 2 
2 4 5 5 6 2   4 7 1 2 1 6 6 3 3 7   8 7 9 4 3 1 1 
7 2 9 5 6 6   3 3 5 5 1 7 7 4 9 5 2   1 3 9 4 9 7 
9 8 7 6 5 1                   1 4 6 7   5 6 6 5 7 
5 9 7 4 9 9 6 2 6 1 5 3 4 5 1   9 9 2 3   5 9 2 3 
3 7 2 5 4 2 3 5 4 3 9 4 9 7 2 7   1 4 7 2   2 7 8 
2 3 5 3 7 4 6 4 4 8 1 3 1 7 3 1 5   2 9 7 7   5 3 
1 3 7 1 6 2 5 5 6 4 5 5 1 3 3 6 3 2   3 2 5 3   5 
8 3 1 3 6 4 5 3 8                 4 6   4 6 4 3   
4 5 6 2 2 5 1 7 3   5 2 8 1 5 1 8     2   7 6   3 
9 6 1 3 3 1 3 8 5   6 4 5 1 1 1 8 9   8 9     7 6 
4 1 1 9 5 8 9 1 7   8     6 5 1 3 2   5 8     5 9 
2 5 6 9 7 7 5 7 6   6   1   2 1 3 9   5   8 4   8 
8 6 9 5 4 6 8 3 4   9   9 4   1 6   9   4 8   1 6 
8 2 9 5 8 6 9 4 8   9   8 3 7     6   4 9   4 4 3 
7 6 4 4 6 2 8 1 3   4   4 8 7       4 6   6 1 1 4 
3 4 4 1 1 2 4 3   1 7   2 7   1     1   9 9 9 4 1 
2 9 4 4 4 8 8   4 6 6   7   7   2 2   3 5 4 1 8 9 
7 1 1 2 8 6   8 5 9 5     4   2 2 3 6 4 4 6 3 9 3 
3 3 9 3 4   4 5 2 8 8   2   8 6 2 6 1 5 1 9 1 6 4 
6 1 8 7   9 8             1 5 1 2 5 3 1 8 8 9 5 4 
4 2 *   1 5 6 6 4 1 5 7 6 6 4 4 9 9 5 7 5 6 2 2 4 
5 8 1 5 2 7 9 1 6 2 9 5 3 7 7 7 8 6 7 9 4 9 8 5 8 
9 2 1 3 3 4 2 6 5 6 6 6 9 4 7 8 3 2 1 5 4 8 9 1 5 

Step 22:
8 1 2 5 2 7                     4 5 3 9 7 1 3 9 3 
1 9 1 8 2 1   8 1 3 2 5 5 5 9 1   2 1 8 2 3 5 2 2 
2 4 5 5 6 2   4 7 1 2 1 6 6 3 3 7   8 7 9 4 3 1 1 
7 2 9 5 6 6   3 3 5 5 1 7 7 4 9 5 2   1 3 9 4 9 7 
9 8 7 6 5 1                   1 4 6 7   5 6 6 5 7 
5 9 7 4 9 9 6 2 6 1 5 3 4 5 1   9 9 2 3   5 9 2 3 
3 7 2 5 4 2 3 5 4 3 9 4 9 7 2 7   1 4 7 2   2 7 8 
2 3 5 3 7 4 6 4 4 8 1 3 1 7 3 1 5   2 9 7 7   5 3 
1 3 7 1 6 2 5 5 6 4 5 5 1 3 3 6 3 2   3 2 5 3   5 
8 3 1 3 6 4 5 3 8                 4 6   4 6 4 3   
4 5 6 2 2 5 1 7 3   5 2 8 1 5 1 8     2   7 6   3 
9 6 1 3 3 1 3 8 5   6 4 5 1 1 1 8 9   8 9     7 6 
4 1 1 9 5 8 9 1 7   8     6 5 1 3 2   5 8     5 9 
2 5 6 9 7 7 5 7 6   6   1   2 1 3 9   5   8 4   8 
8 6 9 5 4 6 8 3 4   9   9 4   1 6   9   4 8   1 6 
8 2 9 5 8 6 9 4 8   9   8 3 7     6   4 9   4 4 3 
7 6 4 4 6 2 8 1 3   4   4 8 7       4 6   6 1 1 4 
3 4 4 1 1 2 4 3   1 7   2 7   1     1   9 9 9 4 1 
2 9 4 4 4 8 8   4 6 6   7   7   2 2   3 5 4 1 8 9 
7 1 1 2 8 6   8 5 9 5     4   2 2 3 6 4 4 6 3 9 3 
3 3 9 3 4   4 5 2 8 8   2   8 6 2 6 1 5 1 9 1 6 4 
6 1 8 7   9 8             1 5 1 2 5 3 1 8 8 9 5 4 
*       1 5 6 6 4 1 5 7 6 6 4 4 9 9 5 7 5 6 2 2 4 
5 8 1 5 2 7 9 1 6 2 9 5 3 7 7 7 8 6 7 9 4 9 8 5 8 
9 2 1 3 3 4 2 6 5 6 6 6 9 4 7 8 3 2 1 5 4 8 9 1 5 

Step 23:
8 1 2 5 2 7                     4 5 3 9 7 1 3 9 3 
1 9 1 8 2 1   8 1 3 2 5 5 5 9 1   2 1 8 2 3 5 2 2 
2 4 5 5 6 2   4 7 1 2 1 6 6 3 3 7   8 7 9 4 3 1 1 
7 2 9 5 6 6   3 3 5 5 1 7 7 4 9 5 2   1 3 9 4 9 7 
9 8 7 6 5 1                   1 4 6 7   5 6 6 5 7 
5 9 7 4 9 9 6 2 6 1 5 3 4 5 1   9 9 2 3   5 9 2 3 
3 7 2 5 4 2 3 5 4 3 9 4 9 7 2 7   1 4 7 2   2 7 8 
2 3 5 3 7 4 6 4 4 8 1 3 1 7 3 1 5   2 9 7 7   5 3 
1 3 7 1 6 2 5 5 6 4 5 5 1 3 3 6 3 2   3 2 5 3   5 
8 3 1 3 6 4 5 3 8                 4 6   4 6 4 3   
4 5 6 2 2 5 1 7 3   5 2 8 1 5 1 8     2   7 6   3 
9 6 1 3 3 1 3 8 5   6 4 5 1 1 1 8 9   8 9     7 6 
4 1 1 9 5 8 9 1 7   8     6 5 1 3 2   5 8     5 9 
2 5 6 9 7 7 5 7 6   6   1   2 1 3 9   5   8 4   8 
8 6 9 5 4 6 8 3 4   9   9 4   1 6   9   4 8   1 6 
8 2 9 5 8 6 9 4 8   9   8 3 7     6   4 9   4 4 3 
* 6 4 4 6 2 8 1 3   4   4 8 7       4 6   6 1 1 4 
  4 4 1 1 2 4 3   1 7   2 7   1     1   9 9 9 4 1 
  9 4 4 4 8 8   4 6 6   7   7   2 2   3 5 4 1 8 9 
  1 1 2 8 6   8 5 9 5     4   2 2 3 6 4 4 6 3 9 3 
  3 9 3 4   4 5 2 8 8   2   8 6 2 6 1 5 1 9 1 6 4 
  1 8 7   9 8             1 5 1 2 5 3 1 8 8 9 5 4 
        1 5 6 6 4 1 5 7 6 6 4 4 9 9 5 7 5 6 2 2 4 
5 8 1 5 2 7 9 1 6 2 9 5 3 7 7 7 8 6 7 9 4 9 8 5 8 
9 2 1 3 3 4 2 6 5 6 6 6 9 4 7 8 3 2 1 5 4 8 9 1 5 

Step 24:
8 1 2 5 2 7                     4 5 3 9 7 1 3 9 3 
1 9 1 8 2 1   8 1 3 2 5 5 5 9 1   2 1 8 2 3 5 2 2 
2 4 5 5 6 2   4 7 1 2 1 6 6 3 3 7   8 7 9 4 3 1 1 
7 2 9 5 6 6   3 3 5 5 1 7 7 4 9 5 2   1 3 9 4 9 7 
9 8 7 6 5 1                   1 4 6 7   5 6 6 5 7 
5 9 7 4 9 9 6 2 6 1 5 3 4 5 1   9 9 2 3   5 9 2 3 
3 7 2 5 4 2 3 5 4 3 9 4 9 7 2 7   1 4 7 2   2 7 8 
2 3 5 3 7 4 6 4 4 8 1 3 1 7 3 1 5   2 9 7 7   5 3 
* 3 7 1 6 2 5 5 6 4 5 5 1 3 3 6 3 2   3 2 5 3   5 
  3 1 3 6 4 5 3 8                 4 6   4 6 4 3   
  5 6 2 2 5 1 7 3   5 2 8 1 5 1 8     2   7 6   3 
  6 1 3 3 1 3 8 5   6 4 5 1 1 1 8 9   8 9     7 6 
  1 1 9 5 8 9 1 7   8     6 5 1 3 2   5 8     5 9 
  5 6 9 7 7 5 7 6   6   1   2 1 3 9   5   8 4   8 
  6 9 5 4 6 8 3 4   9   9 4   1 6   9   4 8   1 6 
  2 9 5 8 6 9 4 8   9   8 3 7     6   4 9   4 4 3 
  6 4 4 6 2 8 1 3   4   4 8 7       4 6   6 1 1 4 
  4 4 1 1 2 4 3   1 7   2 7   1     1   9 9 9 4 1 
  9 4 4 4 8 8   4 6 6   7   7   2 2   3 5 4 1 8 9 
  1 1 2 8 6   8 5 9 5     4   2 2 3 6 4 4 6 3 9 3 
  3 9 3 4   4 5 2 8 8   2   8 6 2 6 1 5 1 9 1 6 4 
  1 8 7   9 8             1 5 1 2 5 3 1 8 8 9 5 4 
        1 5 6 6 4 1 5 7 6 6 4 4 9 9 5 7 5 6 2 2 4 
5 8 1 5 2 7 9 1 6 2 9 5 3 7 7 7 8 6 7 9 4 9 8 5 8 
9 2 1 3 3 4 2 6 5 6 6 6 9 4 7 8 3 2 1 5 4 8 9 1 5 

Step 25:
8 1 2 5 2 7                     4 5 3 9 7 1 3 9 3 
1 9 1 8 2 1   8 1 3 2 5 5 5 9 1   2 1 8 2 3 5 2 2 
2 4 5 5 6 2   4 7 1 2 1 6 6 3 3 7   8 7 9 4 3 1 1 
7 2 9 5 6 6   3 3 5 5 1 7 7 4 9 5 2   1 3 9 4 9 7 
9 8 7 6 5 1                   1 4 6 7   5 6 6 5 7 
5 9 7 4 9 9 6 2 6 1 5 3 4 5 1   9 9 2 3   5 9 2 3 
* 7 2 5 4 2 3 5 4 3 9 4 9 7 2 7   1 4 7 2   2 7 8 
  3 5 3 7 4 6 4 4 8 1 3 1 7 3 1 5   2 9 7 7   5 3 
  3 7 1 6 2 5 5 6 4 5 5 1 3 3 6 3 2   3 2 5 3   5 
  3 1 3 6 4 5 3 8                 4 6   4 6 4 3   
  5 6 2 2 5 1 7 3   5 2 8 1 5 1 8     2   7 6   3 
  6 1 3 3 1 3 8 5   6 4 5 1 1 1 8 9   8 9     7 6 
  1 1 9 5 8 9 1 7   8     6 5 1 3 2   5 8     5 9 
  5 6 9 7 7 5 7 6   6   1   2 1 3 9   5   8 4   8 
  6 9 5 4 6 8 3 4   9   9 4   1 6   9   4 8   1 6 
  2 9 5 8 6 9 4 8   9   8 3 7     6   4 9   4 4 3 
  6 4 4 6 2 8 1 3   4   4 8 7       4 6   6 1 1 4 
  4 4 1 1 2 4 3   1 7   2 7   1     1   9 9 9 4 1 
  9 4 4 4 8 8   4 6 6   7   7   2 2   3 5 4 1 8 9 
  1 1 2 8 6   8 5 9 5     4   2 2 3 6 4 4 6 3 9 3 
  3 9 3 4   4 5 2 8 8   2   8 6 2 6 1 5 1 9 1 6 4 
  1 8 7   9 8             1 5 1 2 5 3 1 8 8 9 5 4 
        1 5 6 6 4 1 5 7 6 6 4 4 9 9 5 7 5 6 2 2 4 
5 8 1 5 2 7 9 1 6 2 9 5 3 7 7 7 8 6 7 9 4 9 8 5 8 
9 2 1 3 3 4 2 6 5 6 6 6 9 4 7 8 3 2 1 5 4 8 9 1 5 

Step 26:
8 1 2 5 2 7                     4 5 3 9 7 1 3 9 3 
* 9 1 8 2 1   8 1 3 2 5 5 5 9 1   2 1 8 2 3 5 2 2 
  4 5 5 6 2   4 7 1 2 1 6 6 3 3 7   8 7 9 4 3 1 1 
  2 9 5 6 6   3 3 5 5 1 7 7 4 9 5 2   1 3 9 4 9 7 
  8 7 6 5 1                   1 4 6 7   5 6 6 5 7 
  9 7 4 9 9 6 2 6 1 5 3 4 5 1   9 9 2 3   5 9 2 3 
  7 2 5 4 2 3 5 4 3 9 4 9 7 2 7   1 4 7 2   2 7 8 
  3 5 3 7 4 6 4 4 8 1 3 1 7 3 1 5   2 9 7 7   5 3 
  3 7 1 6 2 5 5 6 4 5 5 1 3 3 6 3 2   3 2 5 3   5 
  3 1 3 6 4 5 3 8                 4 6   4 6 4 3   
  5 6 2 2 5 1 7 3   5 2 8 1 5 1 8     2   7 6   3 
  6 1 3 3 1 3 8 5   6 4 5 1 1 1 8 9   8 9     7 6 
  1 1 9 5 8 9 1 7   8     6 5 1 3 2   5 8     5 9 
  5 6 9 7 7 5 7 6   6   1   2 1 3 9   5   8 4   8 
  6 9 5 4 6 8 3 4   9   9 4   1 6   9   4 8   1 6 
  2 9 5 8 6 9 4 8   9   8 3 7     6   4 9   4 4 3 
  6 4 4 6 2 8 1 3   4   4 8 7       4 6   6 1 1 4 
  4 4 1 1 2 4 3   1 7   2 7   1     1   9 9 9 4 1 
  9 4 4 4 8 8   4 6 6   7   7   2 2   3 5 4 1 8 9 
  1 1 2 8 6   8 5 9 5     4   2 2 3 6 4 4 6 3 9 3 
  3 9 3 4   4 5 2 8 8   2   8 6 2 6 1 5 1 9 1 6 4 
  1 8 7   9 8             1 5 1 2 5 3 1 8 8 9 5 4 
        1 5 6 6 4 1 5 7 6 6 4 4 9 9 5 7 5 6 2 2 4 
5 8 1 5 2 7 9 1 6 2 9 5 3 7 7 7 8 6 7 9 4 9 8 5 8 
9 2 1 3 3 4 2 6 5 6 6 6 9 4 7 8 3 2 1 5 4 8 9 1 5 

Step 27:
8 * 2 5 2 7                     4 5 3 9 7 1 3 9 3 
  9 1 8 2 1   8 1 3 2 5 5 5 9 1   2 1 8 2 3 5 2 2 
  4 5 5 6 2   4 7 1 2 1 6 6 3 3 7   8 7 9 4 3 1 1 
  2 9 5 6 6   3 3 5 5 1 7 7 4 9 5 2   1 3 9 4 9 7 
  8 7 6 5 1                   1 4 6 7   5 6 6 5 7 
  9 7 4 9 9 6 2 6 1 5 3 4 5 1   9 9 2 3   5 9 2 3 
  7 2 5 4 2 3 5 4 3 9 4 9 7 2 7   1 4 7 2   2 7 8 
  3 5 3 7 4 6 4 4 8 1 3 1 7 3 1 5   2 9 7 7   5 3 
  3 7 1 6 2 5 5 6 4 5 5 1 3 3 6 3 2   3 2 5 3   5 
  3 1 3 6 4 5 3 8                 4 6   4 6 4 3   
  5 6 2 2 5 1 7 3   5 2 8 1 5 1 8     2   7 6   3 
  6 1 3 3 1 3 8 5   6 4 5 1 1 1 8 9   8 9     7 6 
  1 1 9 5 8 9 1 7   8     6 5 1 3 2   5 8     5 9 
  5 6 9 7 7 5 7 6   6   1   2 1 3 9   5   8 4   8 
  6 9 5 4 6 8 3 4   9   9 4   1 6   9   4 8   1 6 
  2 9 5 8 6 9 4 8   9   8 3 7     6   4 9   4 4 3 
  6 4 4 6 2 8 1 3   4   4 8 7       4 6   6 1 1 4 
  4 4 1 1 2 4 3   1 7   2 7   1     1   9 9 9 4 1 
  9 4 4 4 8 8   4 6 6   7   7   2 2   3 5 4 1 8 9 
  1 1 2 8 6   8 5 9 5     4   2 2 3 6 4 4 6 3 9 3 
  3 9 3 4   4 5 2 8 8   2   8 6 2 6 1 5 1 9 1 6 4 
  1 8 7   9 8             1 5 1 2 5 3 1 8 8 9 5 4 
        1 5 6 6 4 1 5 7 6 6 4 4 9 9 5 7 5 6 2 2 4 
5 8 1 5 2 7 9 1 6 2 9 5 3 7 7 7 8 6 7 9 4 9 8 5 8 
9 2 1 3 3 4 2 6 5 6 6 6 9 4 7 8 3 2 1 5 4 8 9 1 5 

Step 28:
8   2 5 2 7                     4 5 3 9 7 1 3 9 3 
    1 8 2 1   8 1 3 2 5 5 5 9 1   2 1 8 2 3 5 2 2 
    5 5 6 2   4 7 1 2 1 6 6 3 3 7   8 7 9 4 3 1 1 
    9 5 6 6   3 3 5 5 1 7 7 4 9 5 2   1 3 9 4 9 7 
    7 6 5 1                   1 4 6 7   5 6 6 5 7 
    7 4 9 9 6 2 6 1 5 3 4 5 1   9 9 2 3   5 9 2 3 
    2 5 4 2 3 5 4 3 9 4 9 7 2 7   1 4 7 2   2 7 8 
    5 3 7 4 6 4 4 8 1 3 1 7 3 1 5   2 9 7 7   5 3 
    7 1 6 2 5 5 6 4 5 5 1 3 3 6 3 2   3 2 5 3   5 
  * 1 3 6 4 5 3 8                 4 6   4 6 4 3   
  5 6 2 2 5 1 7 3   5 2 8 1 5 1 8     2   7 6   3 
  6 1 3 3 1 3 8 5   6 4 5 1 1 1 8 9   8 9     7 6 
  1 1 9 5 8 9 1 7   8     6 5 1 3 2   5 8     5 9 
  5 6 9 7 7 5 7 6   6   1   2 1 3 9   5   8 4   8 
  6 9 5 4 6 8 3 4   9   9 4   1 6   9   4 8   1 6 
  2 9 5 8 6 9 4 8   9   8 3 7     6   4 9   4 4 3 
  6 4 4 6 2 8 1 3   4   4 8 7       4 6   6 1 1 4 
  4 4 1 1 2 4 3   1 7   2 7   1     1   9 9 9 4 1 
  9 4 4 4 8 8   4 6 6   7   7   2 2   3 5 4 1 8 9 
  1 1 2 8 6   8 5 9 5     4   2 2 3 6 4 4 6 3 9 3 
  3 9 3 4   4 5 2 8 8   2   8 6 2 6 1 5 1 9 1 6 4 
  1 8 7   9 8             1 5 1 2 5 3 1 8 8 9 5 4 
        1 5 6 6 4 1 5 7 6 6 4 4 9 9 5 7 5 6 2 2 4 
5 8 1 5 2 7 9 1 6 2 9 5 3 7 7 7 8 6 7 9 4 9 8 5 8 
9 2 1 3 3 4 2 6 5 6 6 6 9 4 7 8 3 2 1 5 4 8 9 1 5 

Step 29:
8   2 5 2 7                     4 5 3 9 7 1 3 9 3 
    1 8 2 1   8 1 3 2 5 5 5 9 1   2 1 8 2 3 5 2 2 
    5 5 6 2   4 7 1 2 1 6 6 3 3 7   8 7 9 4 3 1 1 
    9 5 6 6   3 3 5 5 1 7 7 4 9 5 2   1 3 9 4 9 7 
    7 6 5 1                   1 4 6 7   5 6 6 5 7 
    7 4 9 9 6 2 6 1 5 3 4 5 1   9 9 2 3   5 9 2 3 
    2 5 4 2 3 5 4 3 9 4 9 7 2 7   1 4 7 2   2 7 8 
    5 3 7 4 6 4 4 8 1 3 1 7 3 1 5   2 9 7 7   5 3 
    7 1 6 2 5 5 6 4 5 5 1 3 3 6 3 2   3 2 5 3   5 
    1 3 6 4 5 3 8                 4 6   4 6 4 3   
    6 2 2 5 1 7 3   5 2 8 1 5 1 8     2   7 6   3 
    1 3 3 1 3 8 5   6 4 5 1 1 1 8 9   8 9     7 6 
    1 9 5 8 9 1 7   8     6 5 1 3 2   5 8     5 9 
    6 9 7 7 5 7 6   6   1   2 1 3 9   5   8 4   8 
  * 9 5 4 6 8 3 4   9   9 4   1 6   9   4 8   1 6 
  2 9 5 8 6 9 4 8   9   8 3 7     6   4 9   4 4 3 
  6 4 4 6 2 8 1 3   4   4 8 7       4 6   6 1 1 4 
  4 4 1 1 2 4 3   1 7   2 7   1     1   9 9 9 4 1 
  9 4 4 4 8 8   4 6 6   7   7   2 2   3 5 4 1 8 9 
  1 1 2 8 6   8 5 9 5     4   2 2 3 6 4 4 6 3 9 3 
  3 9 3 4   4 5 2 8 8   2   8 6 2 6 1 5 1 9 1 6 4 
  1 8 7   9 8             1 5 1 2 5 3 1 8 8 9 5 4 
        1 5 6 6 4 1 5 7 6 6 4 4 9 9 5 7 5 6 2 2 4 
5 8 1 5 2 7 9 1 6 2 9 5 3 7 7 7 8 6 7 9 4 9 8 5 8 
9 2 1 3 3 4 2 6 5 6 6 6 9 4 7 8 3 2 1 5 4 8 9 1 5 

Step 30:
8   2 5 2 7                     4 5 3 9 7 1 3 9 3 
    1 8 2 1   8 1 3 2 5 5 5 9 1   2 1 8 2 3 5 2 2 
    5 5 6 2   4 7 1 2 1 6 6 3 3 7   8 7 9 4 3 1 1 
    9 5 6 6   3 3 5 5 1 7 7 4 9 5 2   1 3 9 4 9 7 
    7 6 5 1                   1 4 6 7   5 6 6 5 7 
    7 4 9 9 6 2 6 1 5 3 4 5 1   9 9 2 3   5 9 2 3 
    2 5 4 2 3 5 4 3 9 4 9 7 2 7   1 4 7 2   2 7 8 
    5 3 7 4 6 4 4 8 1 3 1 7 3 1 5   2 9 7 7   5 3 
    7 1 6 2 5 5 6 4 5 5 1 3 3 6 3 2   3 2 5 3   5 
    1 3 6 4 5 3 8                 4 6   4 6 4 3   
    6 2 2 5 1 7 3   5 2 8 1 5 1 8     2   7 6   3 
    1 3 3 1 3 8 5   6 4 5 1 1 1 8 9   8 9     7 6 
    1 9 5 8 9 1 7   8     6 5 1 3 2   5 8     5 9 
    6 9 7 7 5 7 6   6   1   2 1 3 9   5   8 4   8 
    9 5 4 6 8 3 4   9   9 4   1 6   9   4 8   1 6 
    9 5 8 6 9 4 8   9   8 3 7     6   4 9   4 4 3 
  * 4 4 6 2 8 1 3   4   4 8 7       4 6   6 1 1 4 
  4 4 1 1 2 4 3   1 7   2 7   1     1   9 9 9 4 1 
  9 4 4 4 8 8   4 6 6   7   7   2 2   3 5 4 1 8 9 
  1 1 2 8 6   8 5 9 5     4   2 2 3 6 4 4 6 3 9 3 
  3 9 3 4   4 5 2 8 8   2   8 6 2 6 1 5 1 9 1 6 4 
  1 8 7   9 8             1 5 1 2 5 3 1 8 8 9 5 4 
        1 5 6 6 4 1 5 7 6 6 4 4 9 9 5 7 5 6 2 2 4 
5 8 1 5 2 7 9 1 6 2 9 5 3 7 7 7 8 6 7 9 4 9 8 5 8 
9 2 1 3 3 4 2 6 5 6 6 6 9 4 7 8 3 2 1 5 4 8 9 1 5 

Step 31:
8   2 5 2 7                     4 5 3 9 7 1 3 9 3 
    1 8 2 1   8 1 3 2 5 5 5 9 1   2 1 8 2 3 5 2 2 
    5 5 6 2   4 7 1 2 1 6 6 3 3 7   8 7 9 4 3 1 1 
    9 5 6 6   3 3 5 5 1 7 7 4 9 5 2   1 3 9 4 9 7 
    7 6 5 1                   1 4 6 7   5 6 6 5 7 
    7 4 9 9 6 2 6 1 5 3 4 5 1   9 9 2 3   5 9 2 3 
    2 5 4 2 3 5 4 3 9 4 9 7 2 7   1 4 7 2   2 7 8 
    5 3 7 4 6 4 4 8 1 3 1 7 3 1 5   2 9 7 7   5 3 
    7 1 6 2 5 5 6 4 5 5 1 3 3 6 3 2   3 2 5 3   5 
    1 3 6 4 5 3 8                 4 6   4 6 4 3   
    6 2 2 5 1 7 3   5 2 8 1 5 1 8     2   7 6   3 
    1 3 3 1 3 8 5   6 4 5 1 1 1 8 9   8 9     7 6 
    1 9 5 8 9 1 7   8     6 5 1 3 2   5 8     5 9 
    6 9 7 7 5 7 6   6   1   2 1 3 9   5   8 4   8 
    9 5 4 6 8 3 4   9   9 4   1 6   9   4 8   1 6 
    9 5 8 6 9 4 8   9   8 3 7     6   4 9   4 4 3 
    4 4 6 2 8 1 3   4   4 8 7       4 6   6 1 1 4 
    4 1 1 2 4 3   1 7   2 7   1     1   9 9 9 4 1 
    4 4 4 8 8   4 6 6   7   7   2 2   3 5 4 1 8 9 
    1 2 8 6   8 5 9 5     4   2 2 3 6 4 4 6 3 9 3 
  * 9 3 4   4 5 2 8 8   2   8 6 2 6 1 5 1 9 1 6 4 
  1 8 7   9 8             1 5 1 2 5 3 1 8 8 9 5 4 
        1 5 6 6 4 1 5 7 6 6 4 4 9 9 5 7 5 6 2 2 4 
5 8 1 5 2 7 9 1 6 2 9 5 3 7 7 7 8 6 7 9 4 9 8 5 8 
9 2 1 3 3 4 2 6 5 6 6 6 9 4 7 8 3 2 1 5 4 8 9 1 5 

Step 32:
8   2 5 2 7                     4 5 3 9 7 1 3 9 3 
    1 8 2 1   8 1 3 2 5 5 5 9 1   2 1 8 2 3 5 2 2 
    5 5 6 2   4 7 1 2 1 6 6 3 3 7   8 7 9 4 3 1 1 
    9 5 6 6   3 3 5 5 1 7 7 4 9 5 2   1 3 9 4 9 7 
    7 6 5 1                   1 4 6 7   5 6 6 5 7 
    7 4 9 9 6 2 6 1 5 3 4 5 1   9 9 2 3   5 9 2 3 
    2 5 4 2 3 5 4 3 9 4 9 7 2 7   1 4 7 2   2 7 8 
    5 3 7 4 6 4 4 8 1 3 1 7 3 1 5   2 9 7 7   5 3 
    7 1 6 2 5 5 6 4 5 5 1 3 3 6 3 2   3 2 5 3   5 
    1 3 6 4 5 3 8                 4 6   4 6 4 3   
    6 2 2 5 1 7 3   5 2 8 1 5 1 8     2   7 6   3 
    1 3 3 1 3 8 5   6 4 5 1 1 1 8 9   8 9     7 6 
    1 9 5 8 9 1 7   8     6 5 1 3 2   5 8     5 9 
    6 9 7 7 5 7 6   6   1   2 1 3 9   5   8 4   8 
    9 5 4 6 8 3 4   9   9 4   1 6   9   4 8   1 6 
    9 5 8 6 9 4 8   9   8 3 7     6   4 9   4 4 3 
    4 4 6 2 8 1 3   4   4 8 7       4 6   6 1 1 4 
    4 1 1 2 4 3   1 7   2 7   1     1   9 9 9 4 1 
    4 4 4 8 8   4 6 6   7   7   2 2   3 5 4 1 8 9 
    * 2 8 6   8 5 9 5     4   2 2 3 6 4 4 6 3 9 3 
    9 3 4   4 5 2 8 8   2   8 6 2 6 1 5 1 9 1 6 4 
  1 8 7   9 8             1 5 1 2 5 3 1 8 8 9 5 4 
        1 5 6 6 4 1 5 7 6 6 4 4 9 9 5 7 5 6 2 2 4 
5 8 1 5 2 7 9 1 6 2 9 5 3 7 7 7 8 6 7 9 4 9 8 5 8 
9 2 1 3 3 4 2 6 5 6 6 6 9 4 7 8 3 2 1 5 4 8 9 1 5 

Step 33:
8   2 5 2 7                     4 5 3 9 7 1 3 9 3 
    1 8 2 1   8 1 3 2 5 5 5 9 1   2 1 8 2 3 5 2 2 
    5 5 6 2   4 7 1 2 1 6 6 3 3 7   8 7 9 4 3 1 1 
    9 5 6 6   3 3 5 5 1 7 7 4 9 5 2   1 3 9 4 9 7 
    7 6 5 1                   1 4 6 7   5 6 6 5 7 
    7 4 9 9 6 2 6 1 5 3 4 5 1   9 9 2 3   5 9 2 3 
    2 5 4 2 3 5 4 3 9 4 9 7 2 7   1 4 7 2   2 7 8 
    5 3 7 4 6 4 4 8 1 3 1 7 3 1 5   2 9 7 7   5 3 
    7 1 6 2 5 5 6 4 5 5 1 3 3 6 3 2   3 2 5 3   5 
    1 3 6 4 5 3 8                 4 6   4 6 4 3   
    6 2 2 5 1 7 3   5 2 8 1 5 1 8     2   7 6   3 
    1 3 3 1 3 8 5   6 4 5 1 1 1 8 9   8 9     7 6 
    1 9 5 8 9 1 7   8     6 5 1 3 2   5 8     5 9 
    6 9 7 7 5 7 6   6   1   2 1 3 9   5   8 4   8 
    9 5 4 6 8 3 4   9   9 4   1 6   9   4 8   1 6 
    * 5 8 6 9 4 8   9   8 3 7     6   4 9   4 4 3 
      4 6 2 8 1 3   4   4 8 7       4 6   6 1 1 4 
      1 1 2 4 3   1 7   2 7   1     1   9 9 9 4 1 
      4 4 8 8   4 6 6   7   7   2 2   3 5 4 1 8 9 
      2 8 6   8 5 9 5     4   2 2 3 6 4 4 6 3 9 3 
    9 3 4   4 5 2 8 8   2   8 6 2 6 1 5 1 9 1 6 4 
  1 8 7   9 8             1 5 1 2 5 3 1 8 8 9 5 4 
        1 5 6 6 4 1 5 7 6 6 4 4 9 9 5 7 5 6 2 2 4 
5 8 1 5 2 7 9 1 6 2 9 5 3 7 7 7 8 6 7 9 4 9 8 5 8 
9 2 1 3 3 4 2 6 5 6 6 6 9 4 7 8 3 2 1 5 4 8 9 1 5 

Step 34:
8   2 5 2 7                     4 5 3 9 7 1 3 9 3 
    1 8 2 1   8 1 3 2 5 5 5 9 1   2 1 8 2 3 5 2 2 
    5 5 6 2   4 7 1 2 1 6 6 3 3 7   8 7 9 4 3 1 1 
    9 5 6 6   3 3 5 5 1 7 7 4 9 5 2   1 3 9 4 9 7 
    7 6 5 1                   1 4 6 7   5 6 6 5 7 
    7 4 9 9 6 2 6 1 5 3 4 5 1   9 9 2 3   5 9 2 3 
    * 5 4 2 3 5 4 3 9 4 9 7 2 7   1 4 7 2   2 7 8 
      3 7 4 6 4 4 8 1 3 1 7 3 1 5   2 9 7 7   5 3 
      1 6 2 5 5 6 4 5 5 1 3 3 6 3 2   3 2 5 3   5 
      3 6 4 5 3 8                 4 6   4 6 4 3   
      2 2 5 1 7 3   5 2 8 1 5 1 8     2   7 6   3 
      3 3 1 3 8 5   6 4 5 1 1 1 8 9   8 9     7 6 
      9 5 8 9 1 7   8     6 5 1 3 2   5 8     5 9 
      9 7 7 5 7 6   6   1   2 1 3 9   5   8 4   8 
      5 4 6 8 3 4   9   9 4   1 6   9   4 8   1 6 
      5 8 6 9 4 8   9   8 3 7     6   4 9   4 4 3 
      4 6 2 8 1 3   4   4 8 7       4 6   6 1 1 4 
      1 1 2 4 3   1 7   2 7   1     1   9 9 9 4 1 
      4 4 8 8   4 6 6   7   7   2 2   3 5 4 1 8 9 
      2 8 6   8 5 9 5     4   2 2 3 6 4 4 6 3 9 3 
    9 3 4   4 5 2 8 8   2   8 6 2 6 1 5 1 9 1 6 4 
  1 8 7   9 8             1 5 1 2 5 3 1 8 8 9 5 4 
        1 5 6 6 4 1 5 7 6 6 4 4 9 9 5 7 5 6 2 2 4 
5 8 1 5 2 7 9 1 6 2 9 5 3 7 7 7 8 6 7 9 4 9 8 5 8 
9 2 1 3 3 4 2 6 5 6 6 6 9 4 7 8 3 2 1 5 4 8 9 1 5 

Step 35:
8   2 5 2 7                     4 5 3 9 7 1 3 9 3 
    1 8 2 1   8 1 3 2 5 5 5 9 1   2 1 8 2 3 5 2 2 
    5 5 6 2   4 7 1 2 1 6 6 3 3 7   8 7 9 4 3 1 1 
    9 5 6 6   3 3 5 5 1 7 7 4 9 5 2   1 3 9 4 9 7 
    7 6 5 1                   1 4 6 7   5 6 6 5 7 
    7 4 9 9 6 2 6 1 5 3 4 5 1   9 9 2 3   5 9 2 3 
      5 4 2 3 5 4 3 9 4 9 7 2 7   1 4 7 2   2 7 8 
        7 4 6 4 4 8 1 3 1 7 3 1 5   2 9 7 7   5 3 
      1   2 5 5 6 4 5 5 1 3 3 6 3 2   3 2 5 3   5 
      3 6 * 5 3 8                 4 6   4 6 4 3   
      2 2 5 1 7 3   5 2 8 1 5 1 8     2   7 6   3 
      3 3 1 3 8 5   6 4 5 1 1 1 8 9   8 9     7 6 
      9 5 8 9 1 7   8     6 5 1 3 2   5 8     5 9 
      9 7 7 5 7 6   6   1   2 1 3 9   5   8 4   8 
      5 4 6 8 3 4   9   9 4   1 6   9   4 8   1 6 
      5 8 6 9 4 8   9   8 3 7     6   4 9   4 4 3 
      4 6 2 8 1 3   4   4 8 7       4 6   6 1 1 4 
      1 1 2 4 3   1 7   2 7   1     1   9 9 9 4 1 
      4 4 8 8   4 6 6   7   7   2 2   3 5 4 1 8 9 
      2 8 6   8 5 9 5     4   2 2 3 6 4 4 6 3 9 3 
    9 3 4   4 5 2 8 8   2   8 6 2 6 1 5 1 9 1 6 4 
  1 8 7   9 8             1 5 1 2 5 3 1 8 8 9 5 4 
        1 5 6 6 4 1 5 7 6 6 4 4 9 9 5 7 5 6 2 2 4 
5 8 1 5 2 7 9 1 6 2 9 5 3 7 7 7 8 6 7 9 4 9 8 5 8 
9 2 1 3 3 4 2 6 5 6 6 6 9 4 7 8 3 2 1 5 4 8 9 1 5 

Step 36:
8   2 5 2 7                     4 5 3 9 7 1 3 9 3 
    1 8 2 1   8 1 3 2 5 5 5 9 1   2 1 8 2 3 5 2 2 
    5 5 6 2   4 7 1 2 1 6 6 3 3 7   8 7 9 4 3 1 1 
    9 5 6 6   3 3 5 5 1 7 7 4 9 5 2   1 3 9 4 9 7 
    7 6 5 1                   1 4 6 7   5 6 6 5 7 
    7 4 9 9 6 2 6 1 5 3 4 5 1   9 9 2 3   5 9 2 3 
      5 4 2 3 5 4 3 9 4 9 7 2 7   1 4 7 2   2 7 8 
        7 4 6 4 4 8 1 3 1 7 3 1 5   2 9 7 7   5 3 
      1   2 5 5 6 4 5 5 1 3 3 6 3 2   3 2 5 3   5 
      3 6   5 3 8                 4 6   4 6 4 3   
      2   5 1 7 3   5 2 8 1 5 1 8     2   7 6   3 
      * 3 1 3 8 5   6 4 5 1 1 1 8 9   8 9     7 6 
      9 5 8 9 1 7   8     6 5 1 3 2   5 8     5 9 
      9 7 7 5 7 6   6   1   2 1 3 9   5   8 4   8 
      5 4 6 8 3 4   9   9 4   1 6   9   4 8   1 6 
      5 8 6 9 4 8   9   8 3 7     6   4 9   4 4 3 
      4 6 2 8 1 3   4   4 8 7       4 6   6 1 1 4 
      1 1 2 4 3   1 7   2 7   1     1   9 9 9 4 1 
      4 4 8 8   4 6 6   7   7   2 2   3 5 4 1 8 9 
      2 8 6   8 5 9 5     4   2 2 3 6 4 4 6 3 9 3 
    9 3 4   4 5 2 8 8   2   8 6 2 6 1 5 1 9 1 6 4 
  1 8 7   9 8             1 5 1 2 5 3 1 8 8 9 5 4 
        1 5 6 6 4 1 5 7 6 6 4 4 9 9 5 7 5 6 2 2 4 
5 8 1 5 2 7 9 1 6 2 9 5 3 7 7 7 8 6 7 9 4 9 8 5 8 
9 2 1 3 3 4 2 6 5 6 6 6 9 4 7 8 3 2 1 5 4 8 9 1 5 

Step 37:
8   2 5 2 7                     4 5 3 9 7 1 3 9 3 
    1 8 2 1   8 1 3 2 5 5 5 9 1   2 1 8 2 3 5 2 2 
    5 5 6 2   4 7 1 2 1 6 6 3 3 7   8 7 9 4 3 1 1 
    9 5 6 6   3 3 5 5 1 7 7 4 9 5 2   1 3 9 4 9 7 
    7 6 5 1                   1 4 6 7   5 6 6 5 7 
    7 4 9 9 6 2 6 1 5 3 4 5 1   9 9 2 3   5 9 2 3 
      5 4 2 3 5 4 3 9 4 9 7 2 7   1 4 7 2   2 7 8 
        7 4 6 4 4 8 1 3 1 7 3 1 5   2 9 7 7   5 3 
      1   2 5 5 6 4 5 5 1 3 3 6 3 2   3 2 5 3   5 
      3 6   5 3 8                 4 6   4 6 4 3   
      2   5 1 7 3   5 2 8 1 5 1 8     2   7 6   3 
            * 8 5   6 4 5 1 1 1 8 9   8 9     7 6 
      9 5 8 9 1 7   8     6 5 1 3 2   5 8     5 9 
      9 7 7 5 7 6   6   1   2 1 3 9   5   8 4   8 
      5 4 6 8 3 4   9   9 4   1 6   9   4 8   1 6 
      5 8 6 9 4 8   9   8 3 7     6   4 9   4 4 3 
      4 6 2 8 1 3   4   4 8 7       4 6   6 1 1 4 
      1 1 2 4 3   1 7   2 7   1     1   9 9 9 4 1 
      4 4 8 8   4 6 6   7   7   2 2   3 5 4 1 8 9 
      2 8 6   8 5 9 5     4   2 2 3 6 4 4 6 3 9 3 
    9 3 4   4 5 2 8 8   2   8 6 2 6 1 5 1 9 1 6 4 
  1 8 7   9 8             1 5 1 2 5 3 1 8 8 9 5 4 
        1 5 6 6 4 1 5 7 6 6 4 4 9 9 5 7 5 6 2 2 4 
5 8 1 5 2 7 9 1 6 2 9 5 3 7 7 7 8 6 7 9 4 9 8 5 8 
9 2 1 3 3 4 2 6 5 6 6 6 9 4 7 8 3 2 1 5 4 8 9 1 5 

Step 38:
8   2 5 2 7                     4 5 3 9 7 1 3 9 3 
    1 8 2 1   8 1 3 2 5 5 5 9 1   2 1 8 2 3 5 2 2 
    5 5 6 2   4 7 1 2 1 6 6 3 3 7   8 7 9 4 3 1 1 
    9 5 6 6   3 3 5 5 1 7 7 4 9 5 2   1 3 9 4 9 7 
    7 6 5 1                   1 4 6 7   5 6 6 5 7 
    7 4 9 9 6 2 6 1 5 3 4 5 1   9 9 2 3   5 9 2 3 
      5 4 2 3 5 4 3 9 4 9 7 2 7   1 4 7 2   2 7 8 
        7 4 6 4 4 8 1 3 1 7 3 1 5   2 9 7 7   5 3 
      1   2 5 5 6 4 5 5 1 3 3 6 3 2   3 2 5 3   5 
      3 6   5 3 8                 4 6   4 6 4 3   
      2   5 * 7 3   5 2 8 1 5 1 8     2   7 6   3 
              8 5   6 4 5 1 1 1 8 9   8 9     7 6 
      9 5 8 9 1 7   8     6 5 1 3 2   5 8     5 9 
      9 7 7 5 7 6   6   1   2 1 3 9   5   8 4   8 
      5 4 6 8 3 4   9   9 4   1 6   9   4 8   1 6 
      5 8 6 9 4 8   9   8 3 7     6   4 9   4 4 3 
      4 6 2 8 1 3   4   4 8 7       4 6   6 1 1 4 
      1 1 2 4 3   1 7   2 7   1     1   9 9 9 4 1 
      4 4 8 8   4 6 6   7   7   2 2   3 5 4 1 8 9 
      2 8 6   8 5 9 5     4   2 2 3 6 4 4 6 3 9 3 
    9 3 4   4 5 2 8 8   2   8 6 2 6 1 5 1 9 1 6 4 
  1 8 7   9 8             1 5 1 2 5 3 1 8 8 9 5 4 
        1 5 6 6 4 1 5 7 6 6 4 4 9 9 5 7 5 6 2 2 4 
5 8 1 5 2 7 9 1 6 2 9 5 3 7 7 7 8 6 7 9 4 9 8 5 8 
9 2 1 3 3 4 2 6 5 6 6 6 9 4 7 8 3 2 1 5 4 8 9 1 5 

Step 39:
8   2 5 2 7                     4 5 3 9 7 1 3 9 3 
    1 8 2 1   8 1 3 2 5 5 5 9 1   2 1 8 2 3 5 2 2 
    5 5 6 2   4 7 1 2 1 6 6 3 3 7   8 7 9 4 3 1 1 
    9 5 6 6   3 3 5 5 1 7 7 4 9 5 2   1 3 9 4 9 7 
    7 6 5 1                   1 4 6 7   5 6 6 5 7 
    7 4 9 9 * 2 6 1 5 3 4 5 1   9 9 2 3   5 9 2 3 
      5 4 2   5 4 3 9 4 9 7 2 7   1 4 7 2   2 7 8 
        7 4   4 4 8 1 3 1 7 3 1 5   2 9 7 7   5 3 
      1   2   5 6 4 5 5 1 3 3 6 3 2   3 2 5 3   5 
      3 6     3 8                 4 6   4 6 4 3   
      2   5   7 3   5 2 8 1 5 1 8     2   7 6   3 
              8 5   6 4 5 1 1 1 8 9   8 9     7 6 
      9 5 8 9 1 7   8     6 5 1 3 2   5 8     5 9 
      9 7 7 5 7 6   6   1   2 1 3 9   5   8 4   8 
      5 4 6 8 3 4   9   9 4   1 6   9   4 8   1 6 
      5 8 6 9 4 8   9   8 3 7     6   4 9   4 4 3 
      4 6 2 8 1 3   4   4 8 7       4 6   6 1 1 4 
      1 1 2 4 3   1 7   2 7   1     1   9 9 9 4 1 
      4 4 8 8   4 6 6   7   7   2 2   3 5 4 1 8 9 
      2 8 6   8 5 9 5     4   2 2 3 6 4 4 6 3 9 3 
    9 3 4   4 5 2 8 8   2   8 6 2 6 1 5 1 9 1 6 4 
  1 8 7   9 8             1 5 1 2 5 3 1 8 8 9 5 4 
        1 5 6 6 4 1 5 7 6 6 4 4 9 9 5 7 5 6 2 2 4 
5 8 1 5 2 7 9 1 6 2 9 5 3 7 7 7 8 6 7 9 4 9 8 5 8 
9 2 1 3 3 4 2 6 5 6 6 6 9 4 7 8 3 2 1 5 4 8 9 1 5 

Step 40:
8   2 5 2 7                     4 5 3 9 7 1 3 9 3 
    1 8 2 1   8 1 3 2 5 5 5 9 1   2 1 8 2 3 5 2 2 
    5 5 6 2   4 7 1 2 1 6 6 3 3 7   8 7 9 4 3 1 1 
    9 5 6 6   3 3 5 5 1 7 7 4 9 5 2   1 3 9 4 9 7 
    7 6 5 1                   1 4 6 7   5 6 6 5 7 
    7 4 9 9     * 1 5 3 4 5 1   9 9 2 3   5 9 2 3 
      5 4 2   5 4 3 9 4 9 7 2 7   1 4 7 2   2 7 8 
        7 4   4 4 8 1 3 1 7 3 1 5   2 9 7 7   5 3 
      1   2   5 6 4 5 5 1 3 3 6 3 2   3 2 5 3   5 
      3 6     3 8                 4 6   4 6 4 3   
      2   5   7 3   5 2 8 1 5 1 8     2   7 6   3 
              8 5   6 4 5 1 1 1 8 9   8 9     7 6 
      9 5 8 9 1 7   8     6 5 1 3 2   5 8     5 9 
      9 7 7 5 7 6   6   1   2 1 3 9   5   8 4   8 
      5 4 6 8 3 4   9   9 4   1 6   9   4 8   1 6 
      5 8 6 9 4 8   9   8 3 7     6   4 9   4 4 3 
      4 6 2 8 1 3   4   4 8 7       4 6   6 1 1 4 
      1 1 2 4 3   1 7   2 7   1     1   9 9 9 4 1 
      4 4 8 8   4 6 6   7   7   2 2   3 5 4 1 8 9 
      2 8 6   8 5 9 5     4   2 2 3 6 4 4 6 3 9 3 
    9 3 4   4 5 2 8 8   2   8 6 2 6 1 5 1 9 1 6 4 
  1 8 7   9 8             1 5 1 2 5 3 1 8 8 9 5 4 
        1 5 6 6 4 1 5 7 6 6 4 4 9 9 5 7 5 6 2 2 4 
5 8 1 5 2 7 9 1 6 2 9 5 3 7 7 7 8 6 7 9 4 9 8 5 8 
9 2 1 3 3 4 2 6 5 6 6 6 9 4 7 8 3 2 1 5 4 8 9 1 5 

Step 41:
8   2 5 2 7                     4 5 3 9 7 1 3 9 3 
    1 8 2 1   8 1 3 2 5 5 5 9 1   2 1 8 2 3 5 2 2 
    5 5 6 2   4 7 1 2 1 6 6 3 3 7   8 7 9 4 3 1 1 
    9 5 6 6   3 3 5 5 1 7 7 4 9 5 2   1 3 9 4 9 7 
    7 6 5 1                   1 4 6 7   5 6 6 5 7 
    7 4 9 9       1 5 3 4 5 1   9 9 2 3   5 9 2 3 
      5 4 2   5 4   9 4 9 7 2 7   1 4 7 2   2 7 8 
        7 4   4 4 8   3 1 7 3 1 5   2 9 7 7   5 3 
      1   2   5 6 4 5 * 1 3 3 6 3 2   3 2 5 3   5 
      3 6     3 8                 4 6   4 6 4 3   
      2   5   7 3   5 2 8 1 5 1 8     2   7 6   3 
              8 5   6 4 5 1 1 1 8 9   8 9     7 6 
      9 5 8 9 1 7   8     6 5 1 3 2   5 8     5 9 
      9 7 7 5 7 6   6   1   2 1 3 9   5   8 4   8 
      5 4 6 8 3 4   9   9 4   1 6   9   4 8   1 6 
      5 8 6 9 4 8   9   8 3 7     6   4 9   4 4 3 
      4 6 2 8 1 3   4   4 8 7       4 6   6 1 1 4 
      1 1 2 4 3   1 7   2 7   1     1   9 9 9 4 1 
      4 4 8 8   4 6 6   7   7   2 2   3 5 4 1 8 9 
      2 8 6   8 5 9 5     4   2 2 3 6 4 4 6 3 9 3 
    9 3 4   4 5 2 8 8   2   8 6 2 6 1 5 1 9 1 6 4 
  1 8 7   9 8             1 5 1 2 5 3 1 8 8 9 5 4 
        1 5 6 6 4 1 5 7 6 6 4 4 9 9 5 7 5 6 2 2 4 
5 8 1 5 2 7 9 1 6 2 9 5 3 7 7 7 8 6 7 9 4 9 8 5 8 
9 2 1 3 3 4 2 6 5 6 6 6 9 4 7 8 3 2 1 5 4 8 9 1 5 

Step 42:
8   2 5 2 7                     4 5 3 9 7 1 3 9 3 
    1 8 2 1   8 1 3 2 5 5 5 9 1   2 1 8 2 3 5 2 2 
    5 5 6 2   4 7 1 2 1 6 6 3 3 7   8 7 9 4 3 1 1 
    9 5 6 6   3 3 5 5 1 7 7 4 9 5 2   1 3 9 4 9 7 
    7 6 5 1                   1 4 6 7   5 6 6 5 7 
    7 4 9 9       1 5 3 4 5 1   9 9 2 3   5 9 2 3 
      5 4 2   5 4   9 4 9 7 2 7   1 4 7 2   2 7 8 
        7 4   4 4 8   3 * 7 3 1 5   2 9 7 7   5 3 
      1   2   5 6 4 5   1 3 3 6 3 2   3 2 5 3   5 
      3 6     3 8                 4 6   4 6 4 3   
      2   5   7 3   5 2 8 1 5 1 8     2   7 6   3 
              8 5   6 4 5 1 1 1 8 9   8 9     7 6 
      9 5 8 9 1 7   8     6 5 1 3 2   5 8     5 9 
      9 7 7 5 7 6   6   1   2 1 3 9   5   8 4   8 
      5 4 6 8 3 4   9   9 4   1 6   9   4 8   1 6 
      5 8 6 9 4 8   9   8 3 7     6   4 9   4 4 3 
      4 6 2 8 1 3   4   4 8 7       4 6   6 1 1 4 
      1 1 2 4 3   1 7   2 7   1     1   9 9 9 4 1 
      4 4 8 8   4 6 6   7   7   2 2   3 5 4 1 8 9 
      2 8 6   8 5 9 5     4   2 2 3 6 4 4 6 3 9 3 
    9 3 4   4 5 2 8 8   2   8 6 2 6 1 5 1 9 1 6 4 
  1 8 7   9 8             1 5 1 2 5 3 1 8 8 9 5 4 
        1 5 6 6 4 1 5 7 6 6 4 4 9 9 5 7 5 6 2 2 4 
5 8 1 5 2 7 9 1 6 2 9 5 3 7 7 7 8 6 7 9 4 9 8 5 8 
9 2 1 3 3 4 2 6 5 6 6 6 9 4 7 8 3 2 1 5 4 8 9 1 5 

Step 43:
8   2 5 2 7                     4 5 3 9 7 1 3 9 3 
    1 8 2 1   8 1 3 2 5 5 5 9 1   2 1 8 2 3 5 2 2 
    5 5 6 2   4 7 1 2 1 6 6 3 3 7   8 7 9 4 3 1 1 
    9 5 6 6   3 3 5 5 1 7 7 4 9 5 2   1 3 9 4 9 7 
    7 6 5 1                   1 4 6 7   5 6 6 5 7 
    7 4 9 9       1 5 3 4 5 1   9 9 2 3   5 9 2 3 
      5 4 2   5 4   9 4 9 7 2 7   1 4 7 2   2 7 8 
        7 4   4 4 8   3   7 3 1 5   2 9 7 7   5 3 
      1   2   5 6 4 5   * 3 3 6 3 2   3 2 5 3   5 
      3 6     3 8                 4 6   4 6 4 3   
      2   5   7 3   5 2 8 1 5 1 8     2   7 6   3 
              8 5   6 4 5 1 1 1 8 9   8 9     7 6 
      9 5 8 9 1 7   8     6 5 1 3 2   5 8     5 9 
      9 7 7 5 7 6   6   1   2 1 3 9   5   8 4   8 
      5 4 6 8 3 4   9   9 4   1 6   9   4 8   1 6 
      5 8 6 9 4 8   9   8 3 7     6   4 9   4 4 3 
      4 6 2 8 1 3   4   4 8 7       4 6   6 1 1 4 
      1 1 2 4 3   1 7   2 7   1     1   9 9 9 4 1 
      4 4 8 8   4 6 6   7   7   2 2   3 5 4 1 8 9 
      2 8 6   8 5 9 5     4   2 2 3 6 4 4 6 3 9 3 
    9 3 4   4 5 2 8 8   2   8 6 2 6 1 5 1 9 1 6 4 
  1 8 7   9 8             1 5 1 2 5 3 1 8 8 9 5 4 
        1 5 6 6 4 1 5 7 6 6 4 4 9 9 5 7 5 6 2 2 4 
5 8 1 5 2 7 9 1 6 2 9 5 3 7 7 7 8 6 7 9 4 9 8 5 8 
9 2 1 3 3 4 2 6 5 6 6 6 9 4 7 8 3 2 1 5 4 8 9 1 5 

Step 44:
8   2 5 2 7                     4 5 3 9 7 1 3 9 3 
    1 8 2 1   8 1 3 2 5 5 5 9 1   2 1 8 2 3 5 2 2 
    5 5 6 2   4 7 1 2 1 6 6 3 3 7   8 7 9 4 3 1 1 
    9 5 6 6   3 3 5 5 1 7 7 4 9 5 2   1 3 9 4 9 7 
    7 6 5 1                   1 4 6 7   5 6 6 5 7 
    7 4 9 9       1 5 3 4 5 1   9 9 2 3   5 9 2 3 
      5 4 2   5 4   9 4 9 7 2 7   1 4 7 2   2 7 8 
        7 4   4 4 8   3   7 3 1 5   2 9 7 7   5 3 
      1   2   5 6 4 5         * 3 2   3 2 5 3   5 
      3 6     3 8                 4 6   4 6 4 3   
      2   5   7 3   5 2 8 1 5 1 8     2   7 6   3 
              8 5   6 4 5 1 1 1 8 9   8 9     7 6 
      9 5 8 9 1 7   8     6 5 1 3 2   5 8     5 9 
      9 7 7 5 7 6   6   1   2 1 3 9   5   8 4   8 
      5 4 6 8 3 4   9   9 4   1 6   9   4 8   1 6 
      5 8 6 9 4 8   9   8 3 7     6   4 9   4 4 3 
      4 6 2 8 1 3   4   4 8 7       4 6   6 1 1 4 
      1 1 2 4 3   1 7   2 7   1     1   9 9 9 4 1 
      4 4 8 8   4 6 6   7   7   2 2   3 5 4 1 8 9 
      2 8 6   8 5 9 5     4   2 2 3 6 4 4 6 3 9 3 
    9 3 4   4 5 2 8 8   2   8 6 2 6 1 5 1 9 1 6 4 
  1 8 7   9 8             1 5 1 2 5 3 1 8 8 9 5 4 
        1 5 6 6 4 1 5 7 6 6 4 4 9 9 5 7 5 6 2 2 4 
5 8 1 5 2 7 9 1 6 2 9 5 3 7 7 7 8 6 7 9 4 9 8 5 8 
9 2 1 3 3 4 2 6 5 6 6 6 9 4 7 8 3 2 1 5 4 8 9 1 5 

Step 45:
8   2 5 2 7                     4 5 3 9 7 1 3 9 3 
    1 8 2 1   8 1 3 2 5 5 5 9 1   2 1 8 2 3 5 2 2 
    5 5 6 2   4 7 1 2 1 6 6 3 3 7   8 7 9 4 3 1 1 
    9 5 6 6   3 3 5 5 1 7 7 4 9 5 2   1 3 9 4 9 7 
    7 6 5 1                   1 4 6 7   5 6 6 5 7 
    7 4 9 9       1 5 3 4 5 1   9 9 2 3   5 9 2 3 
      5 4 2   5 4   9 4 9 7 2 7   1 4 7 2   2 7 8 
        7 4   4 4 8   3   7 3 * 5   2 9 7 7   5 3 
      1   2   5 6 4 5           3 2   3 2 5 3   5 
      3 6     3 8                 4 6   4 6 4 3   
      2   5   7 3   5 2 8 1 5 1 8     2   7 6   3 
              8 5   6 4 5 1 1 1 8 9   8 9     7 6 
      9 5 8 9 1 7   8     6 5 1 3 2   5 8     5 9 
      9 7 7 5 7 6   6   1   2 1 3 9   5   8 4   8 
      5 4 6 8 3 4   9   9 4   1 6   9   4 8   1 6 
      5 8 6 9 4 8   9   8 3 7     6   4 9   4 4 3 
      4 6 2 8 1 3   4   4 8 7       4 6   6 1 1 4 
      1 1 2 4 3   1 7   2 7   1     1   9 9 9 4 1 
      4 4 8 8   4 6 6   7   7   2 2   3 5 4 1 8 9 
      2 8 6   8 5 9 5     4   2 2 3 6 4 4 6 3 9 3 
    9 3 4   4 5 2 8 8   2   8 6 2 6 1 5 1 9 1 6 4 
  1 8 7   9 8             1 5 1 2 5 3 1 8 8 9 5 4 
        1 5 6 6 4 1 5 7 6 6 4 4 9 9 5 7 5 6 2 2 4 
5 8 1 5 2 7 9 1 6 2 9 5 3 7 7 7 8 6 7 9 4 9 8 5 8 
9 2 1 3 3 4 2 6 5 6 6 6 9 4 7 8 3 2 1 5 4 8 9 1 5 

Step 46:
8   2 5 2 7                     4 5 3 9 7 1 3 9 3 
    1 8 2 1   8 1 3 2 5 5 5 9 1   2 1 8 2 3 5 2 2 
    5 5 6 2   4 7 1 2 1 6 6 3 3 7   8 7 9 4 3 1 1 
    9 5 6 6   3 3 5 5 1 7 7 4 9 5 2   1 3 9 4 9 7 
    7 6 5 1                   1 4 6 7   5 6 6 5 7 
    7 4 9 9       1 5 3 4 * 1   9 9 2 3   5 9 2 3 
      5 4 2   5 4   9 4 9 7   7   1 4 7 2   2 7 8 
        7 4   4 4 8   3   7 3   5   2 9 7 7   5 3 
      1   2   5 6 4 5           3 2   3 2 5 3   5 
      3 6     3 8                 4 6   4 6 4 3   
      2   5   7 3   5 2 8 1 5 1 8     2   7 6   3 
              8 5   6 4 5 1 1 1 8 9   8 9     7 6 
      9 5 8 9 1 7   8     6 5 1 3 2   5 8     5 9 
      9 7 7 5 7 6   6   1   2 1 3 9   5   8 4   8 
      5 4 6 8 3 4   9   9 4   1 6   9   4 8   1 6 
      5 8 6 9 4 8   9   8 3 7     6   4 9   4 4 3 
      4 6 2 8 1 3   4   4 8 7       4 6   6 1 1 4 
      1 1 2 4 3   1 7   2 7   1     1   9 9 9 4 1 
      4 4 8 8   4 6 6   7   7   2 2   3 5 4 1 8 9 
      2 8 6   8 5 9 5     4   2 2 3 6 4 4 6 3 9 3 
    9 3 4   4 5 2 8 8   2   8 6 2 6 1 5 1 9 1 6 4 
  1 8 7   9 8             1 5 1 2 5 3 1 8 8 9 5 4 
        1 5 6 6 4 1 5 7 6 6 4 4 9 9 5 7 5 6 2 2 4 
5 8 1 5 2 7 9 1 6 2 9 5 3 7 7 7 8 6 7 9 4 9 8 5 8 
9 2 1 3 3 4 2 6 5 6 6 6 9 4 7 8 3 2 1 5 4 8 9 1 5 

Step 47:
8   2 5 2 7                     4 5 3 9 7 1 3 9 3 
    1 8 2 1   8 1 3 2 5 5 5 9 1   2 1 8 2 3 5 2 2 
    5 5 6 2   4 7 1 2 1 6 6 3 3 7   8 7 9 4 3 1 1 
    9 5 6 6   3 3 5 5 1 7 7 4 9 5 2   1 3 9 4 9 7 
    7 6 5 1                   1 4 6 7   5 6 6 5 7 
    7 4 9 9       *         1   9 9 2 3   5 9 2 3 
      5 4 2   5 4   9 4 9 7   7   1 4 7 2   2 7 8 
        7 4   4 4 8   3   7 3   5   2 9 7 7   5 3 
      1   2   5 6 4 5           3 2   3 2 5 3   5 
      3 6     3 8                 4 6   4 6 4 3   
      2   5   7 3   5 2 8 1 5 1 8     2   7 6   3 
              8 5   6 4 5 1 1 1 8 9   8 9     7 6 
      9 5 8 9 1 7   8     6 5 1 3 2   5 8     5 9 
      9 7 7 5 7 6   6   1   2 1 3 9   5   8 4   8 
      5 4 6 8 3 4   9   9 4   1 6   9   4 8   1 6 
      5 8 6 9 4 8   9   8 3 7     6   4 9   4 4 3 
      4 6 2 8 1 3   4   4 8 7       4 6   6 1 1 4 
      1 1 2 4 3   1 7   2 7   1     1   9 9 9 4 1 
      4 4 8 8   4 6 6   7   7   2 2   3 5 4 1 8 9 
      2 8 6   8 5 9 5     4   2 2 3 6 4 4 6 3 9 3 
    9 3 4   4 5 2 8 8   2   8 6 2 6 1 5 1 9 1 6 4 
  1 8 7   9 8             1 5 1 2 5 3 1 8 8 9 5 4 
        1 5 6 6 4 1 5 7 6 6 4 4 9 9 5 7 5 6 2 2 4 
5 8 1 5 2 7 9 1 6 2 9 5 3 7 7 7 8 6 7 9 4 9 8 5 8 
9 2 1 3 3 4 2 6 5 6 6 6 9 4 7 8 3 2 1 5 4 8 9 1 5 

