Initial Board:
2 3 8 8 6 8 4 9 4 2 
1 8 2 4 4 7 7 9 6 9 
3 8 6 5 1 9 9 4 1 6 
4 5 2 6 6 3 5 2 4 9 
4 7 1 3 8 8 2 5 1 9 
* 5 4 5 3 5 5 2 9 9 
2 9 3 3 8 2 1 7 9 8 
4 6 2 9 4 3 2 6 3 3 
9 5 6 5 3 6 5 7 7 6 
2 1 8 9 1 1 3 1 8 4 

Step 1:
2 3 8 8 6 8 4 9 4 2 
* 8 2 4 4 7 7 9 6 9 
  8 6 5 1 9 9 4 1 6 
  5 2 6 6 3 5 2 4 9 
  7 1 3 8 8 2 5 1 9 
  5 4 5 3 5 5 2 9 9 
2 9 3 3 8 2 1 7 9 8 
4 6 2 9 4 3 2 6 3 3 
9 5 6 5 3 6 5 7 7 6 
2 1 8 9 1 1 3 1 8 4 

Step 2:
2 3 8 8 6 8 4 9 4 2 
                * 9 
  8 6 5 1 9 9 4 1 6 
  5 2 6 6 3 5 2 4 9 
  7 1 3 8 8 2 5 1 9 
  5 4 5 3 5 5 2 9 9 
2 9 3 3 8 2 1 7 9 8 
4 6 2 9 4 3 2 6 3 3 
9 5 6 5 3 6 5 7 7 6 
2 1 8 9 1 1 3 1 8 4 

Step 3:
2 3 8 8 6 8 4 9 4 2 
                  9 
  8 6 5 1 9 9   1 6 
  5 2 6 6 3   2 4 9 
  7 1 3 8   2 5 1 9 
  5 4 5 * 5 5 2 9 9 
2 9 3 3 8 2 1 7 9 8 
4 6 2 9 4 3 2 6 3 3 
9 5 6 5 3 6 5 7 7 6 
2 1 8 9 1 1 3 1 8 4 

Step 4:
2 3 8 8 6 8 4 9 4 2 
                  9 
  8 6 5 1 9 9   1 6 
  5 2 6 6 3   2 4 9 
  7 1 3 8   2 5 1 9 
  5 4 5   5 5 2 9 9 
2 9 3 3 8   1 7 9 8 
4 6 2 9 4 3 * 6 3 3 
9 5 6 5 3 6 5 7 7 6 
2 1 8 9 1 1 3 1 8 4 

Step 5:
2 3 8 8 6 8 4 9 4 2 
                  9 
  8 6 5 1 9 9   1 6 
  5 2 6 6 3   2 4 9 
  7 1 3 8   2 5 1 9 
  5 4 5   5 5 2 9 9 
2 9 3 3 8   1 7 9 8 
4 6 2 *       6 3 3 
9 5 6 5 3 6 5 7 7 6 
2 1 8 9 1 1 3 1 8 4 

Step 6:
2 3 8 8 6 8 4 9 4 2 
                  9 
  8 6 5 1 9 9   1 6 
  5 2 6 6 3   2 4 9 
  7 1 3 8   2 5 1 9 
  5 4 5   5 5 2 9 9 
2 9 3 3 8   1 7 9 8 
4 *           6 3 3 
9 5 6 5 3 6 5 7 7 6 
2 1 8 9 1 1 3 1 8 4 

Step 7:
2 3 8 8 6 8 4 9 4 2 
                  9 
  8 6 5 1 9 9   1 6 
  5 2 6 6 3   2 4 9 
  7 1 3 *   2 5 1 9 
  5 4     5 5 2 9 9 
2 9   3 8   1 7 9 8 
4             6 3 3 
9 5 6 5 3 6 5 7 7 6 
2 1 8 9 1 1 3 1 8 4 

Step 8:
2 3 8 8 6 8 4 9 4 2 
                  9 
  8 6 5 1 9 9   1 6 
  5 2 6 6 3   2 4 9 
  7 1 3     2 5 1 9 
  5 4       5 2 9 9 
2 9   3 8     7 9 8 
4               3 3 
9 5 6 5 3 6 5 7   6 
2 1 8 9 1 1 3 1 8 * 

Step 9:
2 3 8 8 6 8 4 9 4 2 
                  9 
  8 6 5 1 9 9   1 6 
  5 2 6 6 3   2 4 9 
  7 1 3     2 5 1 9 
  5 4       5 2 9 9 
2 9   3 8     7 9 8 
4               3 3 
9 5 6 5 3 6 5 7   6 
2 *                 

Step 10:
2 3 8 8 6 8 4 9 4 2 
                  9 
  8 6 5 1 9 9   1 6 
  5 2 6 6 3   * 4 9 
  7 1 3       5 1 9 
  5 4       5 2 9 9 
2 9   3       7 9 8 
4               3 3 
9 5   5 3 6 5 7   6 
2                   

Step 11:
2 3 8 8 6 8 4 9 4 2 
                  9 
  8 6 5 1 9 9   1 6 
  5 2 6 6 3     4 9 
  7 1 3       5 * 9 
  5 4       5 2 9 9 
2 9   3       7 9 8 
4               3 3 
9 5   5 3 6 5 7   6 
2                   

Step 12:
2 3 8 8 6 8 4 9 4 2 
                  9 
  8 6 5 1 9 9   1 6 
  5 2 6 6 3     4 9 
  7 1 *           9 
  5 4       5 2 9 9 
2 9   3       7 9 8 
4               3 3 
9 5   5 3 6 5 7   6 
2                   

Step 13:
2 3 8 8 6 8 4 9 4 2 
                  9 
  8 6 5 1 9 9   1 6 
  5 2 6 6 3     4 9 
  7 *             9 
  5 4       5 2 9 9 
2 9   3       7 9 8 
4               3 3 
9 5   5 3 6 5 7   6 
2                   

Step 14:
2 3 8 8 6 8 4 9 4 2 
                  9 
  8 * 5 1 9 9   1 6 
  5   6 6 3     4 9 
  7               9 
  5 4       5 2 9 9 
2 9   3       7 9 8 
4               3 3 
9 5   5 3 6 5 7   6 
2                   

