Initial Board:
6 1 2 9 7 2 8 4 7 2 
4 2 4 6 9 4 7 9 9 1 
2 3 2 4 2 1 7 9 2 3 
1 4 2 1 4 5 3 1 3 5 
1 1 3 6 9 9 1 3 9 8 
1 3 3 9 4 4 2 8 7 9 
7 6 4 * 6 7 7 2 8 9 
9 6 1 2 5 1 7 2 1 8 
3 3 7 3 5 9 7 7 3 1 
4 7 5 9 1 5 8 6 3 5 

Step 1:
6 1 2 9 7 2 8 4 7 2 
4 2 4 6 9 4 7 9 9 1 
2 3 2 4 2 1 7 9 2 3 
1 4 2 1 4 5 3 1 3 5 
1 1 3 6 9 9 1 3 9 8 
1 3 3 9 4 4 2 8 7 9 
7 6 4   6 7 7 2 8 9 
9 6 1   5 1 7 2 1 8 
3 3 7 * 5 9 7 7 3 1 
4 7 5 9 1 5 8 6 3 5 

Step 2:
6 1 2 9 7 2 8 4 7 2 
4 2 4 6 9 4 7 9 9 1 
2 3 2 4 2 1 7 9 2 3 
1 4 2 1 4 5 3 1 3 5 
1 1 3 6 9 9 1 3 9 8 
1 3 3 9 4 4 2 8 7 9 
7 6 4   6 7 7 2 8 9 
9 6 1   5 1 7 2 1 8 
3 3 7           * 1 
4 7 5 9 1 5 8 6 3 5 

Step 3:
6 1 2 9 7 2 8 4 7 2 
4 2 4 6 9 4 7 9 9 1 
2 3 2 4 2 1 7 9 2 3 
1 4 2 1 4 5 3 1 3 5 
1 1 3 6 9 9 1 3 9 8 
1 3 3 9 4 4 2 8 7 9 
7 6 4   6 7 7 2 8 9 
9 6 1   5 1 7 2 * 8 
3 3 7             1 
4 7 5 9 1 5 8 6 3 5 

Step 4:
6 1 2 9 7 2 8 4 7 2 
4 2 4 6 9 4 7 9 9 1 
2 3 2 4 2 1 7 9 2 3 
1 4 2 1 4 5 3 1 3 5 
1 1 3 6 9 9 1 3 9 8 
1 3 3 9 4 4 2 8 7 9 
7 6 4   6 7 7 2 8 9 
9 6 1   5 1 *     8 
3 3 7             1 
4 7 5 9 1 5 8 6 3 5 

Step 5:
6 1 2 9 7 2 * 4 7 2 
4 2 4 6 9 4   9 9 1 
2 3 2 4 2 1   9 2 3 
1 4 2 1 4 5   1 3 5 
1 1 3 6 9 9   3 9 8 
1 3 3 9 4 4   8 7 9 
7 6 4   6 7   2 8 9 
9 6 1   5 1       8 
3 3 7             1 
4 7 5 9 1 5 8 6 3 5 

Step 6:
6 1 2 9 *     4 7 2 
4 2 4 6 9 4   9 9 1 
2 3 2 4 2 1   9 2 3 
1 4 2 1 4 5   1 3 5 
1 1 3 6 9 9   3 9 8 
1 3 3 9 4 4   8 7 9 
7 6 4   6 7   2 8 9 
9 6 1   5 1       8 
3 3 7             1 
4 7 5 9 1 5 8 6 3 5 

