Initial Board:
2 7 4 2 3 1 7 6 8 5 
1 3 8 8 7 8 4 8 * 8 
5 6 5 2 9 8 2 2 3 4 
5 8 7 1 2 4 9 1 2 5 
6 2 9 4 7 8 7 1 9 9 
7 3 6 3 7 5 7 4 4 8 
7 7 3 6 9 5 3 9 9 9 
8 9 3 7 5 3 3 2 6 1 
7 2 1 9 8 1 2 4 9 5 
7 3 8 9 8 7 1 2 7 4 

Step 1:
2 7 4 2 3 1 7 6 8 5 
*                 8 
5 6 5 2 9 8 2 2 3 4 
5 8 7 1 2 4 9 1 2 5 
6 2 9 4 7 8 7 1 9 9 
7 3 6 3 7 5 7 4 4 8 
7 7 3 6 9 5 3 9 9 9 
8 9 3 7 5 3 3 2 6 1 
7 2 1 9 8 1 2 4 9 5 
7 3 8 9 8 7 1 2 7 4 

Step 2:
2 7 4 2 3 1 7 6 8 5 
                  8 
5   5 2 9 8 2 2 3 4 
5 8   1 2 4 9 1 2 5 
6 2 9   7 8 7 1 9 9 
7 3 6 3   5 7 4 4 8 
7 7 3 6 9   3 9 9 9 
8 9 3 7 5 3 * 2 6 1 
7 2 1 9 8 1 2 4 9 5 
7 3 8 9 8 7 1 2 7 4 

Step 3:
2 7 4 2 3 1 7 6 8 5 
                  8 
5   5 2 9 8 2 2 3 4 
5 8   1 2 4 9 1 2 5 
6 2 9   7 8 * 1 9 9 
7 3 6 3   5   4 4 8 
7 7 3 6 9     9 9 9 
8 9 3 7 5 3   2 6 1 
7 2 1 9 8 1 2 4 9 5 
7 3 8 9 8 7 1 2 7 4 

Step 4:
2 7 4 2 3 1 7 6 8 5 
                  8 
5   5 2 9 8 2 2 3 4 
5 8   1 2 4 9 1 2 5 
6 2 9   7 8   1 9 9 
7 3 6 3       4 4 8 
7 7 3 6       9 9 9 
8 9 3   5 3   2 6 1 
7 2   9 8 1 2 4 9 5 
7 * 8 9 8 7 1 2 7 4 

Step 5:
2 7 4 2 3 1 7 6 8 5 
                  8 
5   5 2 9 8 2 2 3 4 
5 8   1 2 4 9 1 2 5 
6 2 9   7 8   1 9 9 
7 3 6 3       4 4 8 
7 7 3 6       9 9 9 
8 9 3   5 3   2 6 1 
7 2   9 8 1 2 4 9 5 
7                 * 

Step 6:
2 7 4 2 3 1 7 6 8 5 
                  8 
5   5 2 9 8 2 2 3 4 
5 8   1 2 4 9 1 2 5 
6 2 9   7 8   1 9 * 
7 3 6 3       4 4   
7 7 3 6       9 9   
8 9 3   5 3   2 6   
7 2   9 8 1 2 4 9   
7                   

Step 7:
2 7 4 2 3 1 7 6 8 5 
                  8 
5   5 2 9 8 2 * 3 4 
5 8   1 2 4 9 1   5 
6 2 9   7 8   1 9   
7 3 6 3       4 4   
7 7 3 6       9 9   
8 9 3   5 3   2 6   
7 2   9 8 1 2 4 9   
7                   

Step 8:
2 7 4 2 3 1 7 6 8 5 
                  8 
5   5 2 9 8 2   3 4 
5 8   1 2 4 9 *   5 
6 2 9   7 8   1 9   
7 3 6 3       4 4   
7 7 3 6       9 9   
8 9 3   5 3   2 6   
7 2   9 8 1 2 4 9   
7                   

Step 9:
2 7 4 2 3 1 7 6 8 5 
                  8 
5   5 2 9 8 2   3 4 
5 8   1 2 4 9     5 
6 2 9   7 8   * 9   
7 3 6 3       4 4   
7 7 3 6       9 9   
8 9 3   5 3   2 6   
7 2   9 8 1 2 4 9   
7                   

Step 10:
2 7 4 2 3 1 7 6 8 5 
                  8 
5   5 2 9 8 2   3 4 
5 8   1 2 4 9     5 
6 2 9   7 8     9   
7 3 6 3         4   
7 7 3 6         9   
8 9 3   5 3     6   
7 2   9 8 1 2 * 9   
7                   

Step 11:
2 7 4 2 3 1 7 6 8 5 
                  8 
5   5 2 9 8 2   3 4 
5 8   1 2 4 9     5 
6 2 9   7 8     9   
7 3 6 3         4   
7 7 3 6         9   
8 9 3   5 3     6   
7 2   9 8 *     9   
7                   

Step 12:
2 7 4 2 3 1 7 6 8 5 
                  8 
5   5 2 9 8 2   3 4 
* 8   1 2 4 9     5 
6   9   7 8     9   
7 3   3         4   
7 7 3           9   
8 9 3     3     6   
7 2   9 8       9   
7                   

Step 13:
2 7 4 2 3 1 7 6 8 5 
                  8 
5   5 2 9 8 2   3 4 
  8   1 2 4 9     5 
    9   7 8     9   
  3   3         4   
  7 3           9   
  9 3     3     6   
  2   9 8       9   
*                   

Step 14:
2 7 4 2 3 1 7 6 8 5 
                  8 
5   5 2 9 8 2   3 4 
  8   1 2 4 9     5 
    9   7 8     9   
  3   3         4   
  7 3           9   
  9 *     3     6   
      9 8       9   
                    

