Initial Board:
9 6 6 5 6 2 1 2 7 6 
4 5 2 7 3 6 1 7 8 1 
6 3 8 4 6 5 3 6 3 2 
1 2 5 9 6 8 1 4 1 7 
9 4 1 9 4 9 5 9 8 5 
4 1 2 6 9 7 4 5 5 9 
4 8 5 1 8 3 7 9 6 9 
3 8 3 8 7 * 8 8 3 2 
1 9 2 5 8 4 2 9 8 3 
6 8 2 1 3 6 5 7 3 8 

Step 1:
9 6 6 5 6 2 1 2 7 6 
4 5 2 7 3 6 1 7 8 1 
6 3 8 4 6 5 3 6 3 2 
1 2 5 9 6 8 1 4 1 7 
9 4 1 9 4 * 5 9 8 5 
4 1 2 6 9   4 5 5 9 
4 8 5 1 8   7 9 6 9 
3 8 3 8 7   8 8 3 2 
1 9 2 5 8 4 2 9 8 3 
6 8 2 1 3 6 5 7 3 8 

Step 2:
9 6 6 5 6 2 1 2 7 6 
4 5 2 7 3 6 1 7 8 1 
6 3 8 4 6 5 3 6 3 2 
1 2 5 9 6 8 * 4 1 7 
9 4 1 9 4   5 9 8 5 
4 1 2 6 9   4 5 5 9 
4 8 5 1 8   7 9 6 9 
3 8 3 8 7   8 8 3 2 
1 9 2 5 8 4 2 9 8 3 
6 8 2 1 3 6 5 7 3 8 

Step 3:
9 6 6 5 6 2 * 2 7 6 
4 5 2 7 3 6   7 8 1 
6 3 8 4 6 5   6 3 2 
1 2 5 9 6 8   4 1 7 
9 4 1 9 4   5 9 8 5 
4 1 2 6 9   4 5 5 9 
4 8 5 1 8   7 9 6 9 
3 8 3 8 7   8 8 3 2 
1 9 2 5 8 4 2 9 8 3 
6 8 2 1 3 6 5 7 3 8 

Step 4:
9 6 6 5 *     2 7 6 
4 5 2 7 3 6   7 8 1 
6 3 8 4 6 5   6 3 2 
1 2 5 9 6 8   4 1 7 
9 4 1 9 4   5 9 8 5 
4 1 2 6 9   4 5 5 9 
4 8 5 1 8   7 9 6 9 
3 8 3 8 7   8 8 3 2 
1 9 2 5 8 4 2 9 8 3 
6 8 2 1 3 6 5 7 3 8 

Step 5:
9 6 6 5       2 7 6 
4 5 2 7   6   7 8 1 
6 3 8 4   5   6 3 2 
1 2 5 9 * 8   4 1 7 
9 4 1 9 4   5 9 8 5 
4 1 2 6 9   4 5 5 9 
4 8 5 1 8   7 9 6 9 
3 8 3 8 7   8 8 3 2 
1 9 2 5 8 4 2 9 8 3 
6 8 2 1 3 6 5 7 3 8 

Step 6:
9 6 6 5       2 7 6 
4 5 2 7   6   7 8 1 
6 3 8 4   5   6 3 2 
1 2 5 9   8   4 1 7 
9 4 1 9     5 9 8 5 
4 1 2 6     4 5 5 9 
4 8 5 1     7 9 6 9 
3 8 3 8 *   8 8 3 2 
1 9 2 5 8 4 2 9 8 3 
6 8 2 1 3 6 5 7 3 8 

Step 7:
9 6 6 5       2 7 6 
4 5 2 7   6   7 8 1 
6 3 8 4   5   6 3 2 
1 2 5 9   8   4 1 7 
9 4 1 9     5 9 8 5 
4 1 2 6     4 5 5 9 
4 8 5 *     7 9 6 9 
3 8 3 8     8 8 3 2 
1 9 2 5 8 4 2 9 8 3 
6 8 2 1 3 6 5 7 3 8 

Step 8:
9 6 6 5       2 7 6 
4 5 2 7   6   7 8 1 
6 3 8 4   5   6 3 2 
1 2 5 9   8   4 1 7 
9 4 1 9     5 9 8 5 
4 1 2 6     4 5 5 9 
4 8 5       7 9 6 9 
3 8   8     8 8 3 2 
1   2 5 8 4 2 9 8 3 
* 8 2 1 3 6 5 7 3 8 

Step 9:
9 6 6 5       2 7 6 
4 5 2 7   6   7 8 1 
6 3 8 4   5   6 3 2 
1 2 5 9   8   4 1 7 
9 4 1 9     5 9 8 5 
4 1 2 6     4 5 5 9 
4 8 5       7 9 6 9 
3 8   8     8 8 3 2 
1   2 5 8 4 2 9 8 3 
                * 8 

Step 10:
9 6 6 5       2 7 6 
4 5 2 7   6   7 * 1 
6 3 8 4   5   6   2 
1 2 5 9   8   4   7 
9 4 1 9     5 9   5 
4 1 2 6     4 5   9 
4 8 5       7 9   9 
3 8   8     8 8   2 
1   2 5 8 4 2 9   3 
                  8 

Step 11:
9 6 6 5       2 7 6 
4 5 2 7   6   7   * 
6 3 8 4   5   6   2 
1 2 5 9   8   4   7 
9 4 1 9     5 9   5 
4 1 2 6     4 5   9 
4 8 5       7 9   9 
3 8   8     8 8   2 
1   2 5 8 4 2 9   3 
                  8 

Step 12:
9 6 6 5       2 7 6 
4 5 2 7   6   7     
6 3 8 4   5   6     
1 2 5 9   8   4   * 
9 4 1 9     5 9   5 
4 1 2 6     4 5   9 
4 8 5       7 9   9 
3 8   8     8 8   2 
1   2 5 8 4 2 9   3 
                  8 

Step 13:
9 6 6 5       2 7 6 
4 5 2 7   6   7     
6 3 8 4   5   6     
1 2 5 9   8   4     
9 4 1 9     5 9     
4 1 2 6     4 5     
4 8 5       7 9     
3 8   8     8 8     
1   2 5 8 4 2 9   * 
                  8 

