Initial Board:
7 7 4 8 1 8 5 3 4 7 
2 3 3 4 3 3 7 7 6 2 
5 4 8 2 6 8 2 4 5 8 
1 3 9 9 2 8 1 2 1 2 
2 4 6 7 6 2 1 1 2 1 
7 4 8 3 6 8 7 7 1 9 
5 8 1 2 7 3 3 3 2 * 
7 9 2 2 8 8 9 4 1 4 
4 7 7 7 9 1 6 6 6 7 
7 9 7 4 7 5 8 4 5 6 

Step 1:
7 7 4 8 1 8 5 3 4 7 
2 3 3 4 3 3 7 7 6 2 
5 4 8 2 6 8 2 4 5 8 
1 3 9 9 2 8 1 2 1 2 
2 4 6 7 6 2 1 1 2 1 
7 4 8 3 6 8 7 7 1 9 
5 8 1 2 7 3 3 *     
7 9 2 2 8 8 9 4 1 4 
4 7 7 7 9 1 6 6 6 7 
7 9 7 4 7 5 8 4 5 6 

Step 2:
7 7 4 8 1 8 5 3 4 7 
2 3 3 4 3 3 7 7 6 2 
5 4 8 2 6 8 2 4 5 8 
1 3 9 9 2 8 1 2 1 2 
2 4 6 7 6 2 1 1 2 1 
7 4 8 3 6 8 7 7 1 9 
5 8 1 2 *           
7 9 2 2 8 8 9 4 1 4 
4 7 7 7 9 1 6 6 6 7 
7 9 7 4 7 5 8 4 5 6 

Step 3:
7 7 4 8 1 8 5 3 4 7 
2 3 3 4 3 3 7 7 6 2 
5 4 8 2 6 8 2 4 5 8 
1 3 9 9 2 8 1 2 1 2 
2 4 6 7 6 2 1 1 2 1 
7 4 8 3 6 8 7 7 1 9 
5 8 1 2             
7 9 2   8 8 9 4 1 4 
4 7 * 7 9 1 6 6 6 7 
7 9 7 4 7 5 8 4 5 6 

Step 4:
7 7 4 8 1 8 5 3 4 7 
2 3 3 4 3 3 7 7 6 2 
5 4 8 2 6 8 2 4 5 8 
1 3 9 9 2 8 1 2 1 2 
2 4 6 7 6 2 1 1 2 1 
7 4 8 3 6 8 7 7 1 9 
5 8 1 2             
7 9 2   8 8 9 4 1 4 
4 7               * 
7 9 7 4 7 5 8 4 5 6 

Step 5:
7 7 4 8 1 8 5 3 4 7 
2 3 3 4 3 3 7 7 6 2 
5 4 8 2 6 8 2 4 5 8 
1 3 9 9 2 8 1 2 1 2 
2 4 6 7 6 2 1 1 2 1 
7 4 8 3 6 8 7 7 1 9 
5 8 1 2             
7 9 2   8 8 9 4 * 4 
4 7                 
7 9 7 4 7 5 8 4 5 6 

Step 6:
7 7 4 8 1 8 5 3 4 7 
2 3 3 4 3 3 7 7 6 2 
5 4 8 2 6 8 2 4 5 8 
1 3 9 9 2 8 1 2 1 2 
2 4 6 7 6 2 1 1 2 1 
7 4 8 3 6 8 7 7 1 9 
5 8 1 2             
7 9 2   *         4 
4 7                 
7 9 7 4 7 5 8 4 5 6 

Step 7:
7 7 4 8 1 8 5 3 4 7 
2 3 3 4 3 3 7 7 6 2 
5 4 8 2 6 8 2 4 5 8 
1 3 9 9 2 8 1 2 1 2 
2 4 6 7 6 2 1 1 2 1 
7 4 * 3 6 8 7 7 1 9 
5 8 1               
7 9 2             4 
4 7                 
7 9 7 4 7 5 8 4 5 6 

Step 8:
7 7 4 8 1 8 5 3 4 7 
2 3 3 4 3 3 7 7 6 2 
5 4 8 2 6 8 2 4 5 8 
1 3 9 9 2 8 1 2 1 2 
2 4 6 7 6 2 1 1 2 1 
7 4   3 6 8 7 7 1 9 
5 8 *               
7 9 2             4 
4 7                 
7 9 7 4 7 5 8 4 5 6 

Step 9:
7 7 4 8 1 8 5 3 4 7 
2 3 3 4 3 3 7 7 6 2 
5 4 8 2 6 8 2 4 5 8 
1 3 9 9 2 * 1 2 1 2 
2 4 6 7   2 1 1 2 1 
7 4     6 8 7 7 1 9 
5 8                 
7 9 2             4 
4 7                 
7 9 7 4 7 5 8 4 5 6 

Step 10:
7 7 4 8 1 8 5 3 4 7 
2 3 3 4 3 3 7 7 6 2 
5 4 8 2 6 8 2 4 5 8 
1 3 9 *     1 2 1 2 
2 4 6 7   2 1 1 2 1 
7 4     6 8 7 7 1 9 
5 8                 
7 9 2             4 
4 7                 
7 9 7 4 7 5 8 4 5 6 

Step 11:
7 7 4 8 1 8 5 3 4 7 
2 3 3 * 3 3 7 7 6 2 
5 4 8   6 8 2 4 5 8 
1 3 9       1 2 1 2 
2 4 6 7   2 1 1 2 1 
7 4     6 8 7 7 1 9 
5 8                 
7 9 2             4 
4 7                 
7 9 7 4 7 5 8 4 5 6 

Step 12:
7 7 4 8 1 8 5 3 4 7 
*       3 3 7 7 6 2 
5 4 8   6 8 2 4 5 8 
1 3 9       1 2 1 2 
2 4 6 7   2 1 1 2 1 
7 4     6 8 7 7 1 9 
5 8                 
7 9 2             4 
4 7                 
7 9 7 4 7 5 8 4 5 6 

Step 13:
7 7 4 8 1 8 5 3 4 7 
        3 3 7 7 6 2 
5   8   6 8 2 4 5 8 
1 3         1 2 1 2 
2 4 6     2 1 1 2 1 
7 4     * 8 7 7 1 9 
5 8                 
7 9 2             4 
4 7                 
7 9 7 4 7 5 8 4 5 6 

Step 14:
7 7 4 8 1 8 5 3 4 7 
        3 3 7 7 6 2 
5   8   6 8 2 4 5 8 
1 3         * 2 1 2 
2 4 6       1 1 2 1 
7 4       8 7 7 1 9 
5 8                 
7 9 2             4 
4 7                 
7 9 7 4 7 5 8 4 5 6 

Step 15:
7 7 4 8 1 8 5 3 4 7 
        3 3 7 7 6 2 
5   8   6 8 2 4 5 8 
1 3           2 1 2 
2 4 6       * 1 2 1 
7 4       8 7 7 1 9 
5 8                 
7 9 2             4 
4 7                 
7 9 7 4 7 5 8 4 5 6 

Step 16:
7 7 4 8 1 8 5 3 4 7 
        3 3 7 7 6 2 
5   8   6 8 2 4 5 8 
1 3           2 1 2 
2 4 6         * 2 1 
7 4       8 7 7 1 9 
5 8                 
7 9 2             4 
4 7                 
7 9 7 4 7 5 8 4 5 6 

Step 17:
7 7 4 8 1 8 5 3 4 7 
        3 3 7 7 6 2 
5   8   6 8 2 4 5 8 
1 3           2 1 2 
2 4 6           2 1 
7 4       8 7 7 * 9 
5 8                 
7 9 2             4 
4 7                 
7 9 7 4 7 5 8 4 5 6 

Step 18:
7 7 4 8 1 8 5 3 4 7 
        3 3 7 7 6 2 
5   8   6 8 2 4 5 8 
1 3           2 1 2 
2 4 6           2 * 
7 4       8 7 7   9 
5 8                 
7 9 2             4 
4 7                 
7 9 7 4 7 5 8 4 5 6 

Step 19:
7 7 4 8 1 8 5 3 4 7 
        3 3 7 7 6 2 
5   8   6 8 2 4 5 * 
1 3           2 1   
2 4 6           2   
7 4       8 7 7   9 
5 8                 
7 9 2             4 
4 7                 
7 9 7 4 7 5 8 4 5 6 

Step 20:
7 7 4 8 1 8 5 3 4 * 
        3 3 7 7 6   
5   8   6 8 2 4 5   
1 3           2 1   
2 4 6           2   
7 4       8 7 7   9 
5 8                 
7 9 2             4 
4 7                 
7 9 7 4 7 5 8 4 5 6 

Step 21:
7 7 4 8 1 *         
        3 3 7 7 6   
5   8   6 8 2 4 5   
1 3           2 1   
2 4 6           2   
7 4       8 7 7   9 
5 8                 
7 9 2             4 
4 7                 
7 9 7 4 7 5 8 4 5 6 

Step 22:
7 7 4 8 *           
        3 3 7 7 6   
5   8   6 8 2 4 5   
1 3           2 1   
2 4 6           2   
7 4       8 7 7   9 
5 8                 
7 9 2             4 
4 7                 
7 9 7 4 7 5 8 4 5 6 

Step 23:
7 7 4 8             
        3   7 7 6   
5   8   6 8   4 5   
1 3           * 1   
2 4 6           2   
7 4       8 7 7   9 
5 8                 
7 9 2             4 
4 7                 
7 9 7 4 7 5 8 4 5 6 

Step 24:
7 7 4 8             
        3   7 7 6   
5   8   6 8   4 5   
1 3             1   
2 4 6               
7 4       8 7 7   * 
5 8                 
7 9 2             4 
4 7                 
7 9 7 4 7 5 8 4 5 6 

