Initial Board:
2 7 7 6 5 1 2 3 2 6 
3 8 8 * 3 6 1 4 9 3 
6 7 2 8 5 7 3 3 9 4 
3 8 4 2 6 6 4 3 1 1 
6 6 8 2 3 3 1 1 8 5 
1 3 3 6 5 2 2 6 6 4 
6 6 9 8 9 3 5 8 7 5 
1 6 4 3 4 8 4 5 9 3 
3 4 3 8 9 4 3 7 6 8 
5 1 9 9 9 2 6 3 3 2 

Step 1:
2 7 7 6 5 1 2 3 2 6 
3 8 8   3 6 1 4 9 3 
6 7   8 5 7 3 3 9 4 
3 * 4 2 6 6 4 3 1 1 
6 6 8 2 3 3 1 1 8 5 
1 3 3 6 5 2 2 6 6 4 
6 6 9 8 9 3 5 8 7 5 
1 6 4 3 4 8 4 5 9 3 
3 4 3 8 9 4 3 7 6 8 
5 1 9 9 9 2 6 3 3 2 

Step 2:
2 7 7 6 5 1 2 3 2 6 
3 8 8   3 6 1 4 9 3 
6 7   8 5 7 3 3 9 4 
3   4 2 6 6 4 3 1 1 
6   8 2 3 3 1 1 8 5 
1   3 6 5 2 2 6 6 4 
6   9 8 9 3 5 8 7 5 
1   4 3 4 8 4 5 9 3 
3   3 8 9 4 3 7 6 8 
5 * 9 9 9 2 6 3 3 2 

Step 3:
2 7 7 6 5 1 2 3 2 6 
3 8 8   3 6 1 4 9 3 
6 7   8 5 7 3 3 9 4 
3   4 2 6 6 4 3 1 1 
6   8 2 3 3 1 1 8 5 
1   3 6 5 2 2 6 6 4 
6   9 8 * 3 5 8 7 5 
1   4   4 8 4 5 9 3 
3     8 9 4 3 7 6 8 
5   9 9 9 2 6 3 3 2 

Step 4:
2 7 7 6 5 1 2 3 2 6 
3 8 8   3 6 1 4 9 3 
6 7   8 5 7 3 3 9 4 
3   4 2 6 6 4 3 1 1 
6   8 2 3 3 * 1 8 5 
1   3 6 5   2 6 6 4 
6   9 8   3 5 8 7 5 
1   4   4 8 4 5 9 3 
3     8 9 4 3 7 6 8 
5   9 9 9 2 6 3 3 2 

Step 5:
2 7 7 6 5 1 2 3 2 6 
3 8 8   3 6 1 4 9 3 
6 7   8 5 7 3 3 9 4 
3   4 2 6 6 4 3 1 1 
6   8 *       1 8 5 
1   3 6 5   2 6 6 4 
6   9 8   3 5 8 7 5 
1   4   4 8 4 5 9 3 
3     8 9 4 3 7 6 8 
5   9 9 9 2 6 3 3 2 

Step 6:
2 7 7 6 5 1 2 3 2 6 
3 8 8   3 6 1 4 9 3 
6 7   8 5 7 3 3 9 4 
3   4 2 6 6 4 3 1 1 
6   8         1 8 5 
1   3 6     2 6 6 4 
6   9 8     5 8 7 5 
1   4   4 8   5 9 3 
3     8 9 4 3   6 8 
5   9 9 9 2 6 3 * 2 

Step 7:
2 7 7 6 5 1 2 3 2 6 
3 8 8   3 6 1 4 9 3 
6 7   8 5 7 3 3 9 4 
3   4 2 6 6 4 3 1 1 
6   8         1 8 5 
1   3 6     2 6 6 4 
6   9 8     5 8 7 5 
1   4   4 8   5 9 3 
3     8 9 4 3   6 8 
5   9 9 9 *       2 

Step 8:
2 7 7 6 5 1 2 3 2 6 
3 8 8   3 6 1 4 9 3 
6 7   8 5 7 3 3 9 4 
3   4 2 6 6 4 3 1 1 
6   8         1 8 5 
1   3 6     2 6 6 4 
6   9 8     5 8 * 5 
1   4   4 8     9 3 
3     8 9 4     6 8 
5   9 9 9         2 

Step 9:
2 7 7 6 5 1 2 3 * 6 
3 8 8   3 6 1 4   3 
6 7   8 5 7 3 3   4 
3   4 2 6 6 4 3   1 
6   8         1   5 
1   3 6     2 6   4 
6   9 8     5 8   5 
1   4   4 8     9 3 
3     8 9 4     6 8 
5   9 9 9         2 

Step 10:
2 7 7 6 5 *       6 
3 8 8   3 6 1 4   3 
6 7   8 5 7 3 3   4 
3   4 2 6 6 4 3   1 
6   8         1   5 
1   3 6     2 6   4 
6   9 8     5 8   5 
1   4   4 8     9 3 
3     8 9 4     6 8 
5   9 9 9         2 

Step 11:
*                 6 
3 8 8   3 6 1 4   3 
6 7   8 5 7 3 3   4 
3   4 2 6 6 4 3   1 
6   8         1   5 
1   3 6     2 6   4 
6   9 8     5 8   5 
1   4   4 8     9 3 
3     8 9 4     6 8 
5   9 9 9         2 

Step 12:
                  6 
  8 8   3 6 1 4   3 
  7   8 5 7 3 3   4 
*   4 2 6 6 4 3   1 
6   8         1   5 
1   3 6     2 6   4 
6   9 8     5 8   5 
1   4   4 8     9 3 
3     8 9 4     6 8 
5   9 9 9         2 

Step 13:
                  6 
  8 8   3 6 1 4   3 
  7   8 5 7 3 3   4 
    4 2 6 6 4 3   1 
    8         1   5 
    3 6     2 6   4 
    9 8     5 8   5 
    4   4 8     9 3 
      8 9 4     6 8 
*   9 9 9         2 

