Initial Board:
9 5 5 9 1 8 5 8 1 2 
7 4 5 1 1 7 3 6 9 9 
8 7 6 9 8 9 6 4 1 5 
3 9 2 5 9 9 9 9 8 8 
6 5 * 8 2 9 1 2 7 3 
6 4 5 9 2 8 2 1 5 6 
6 9 8 7 2 6 9 8 4 2 
9 4 7 5 1 1 8 5 3 7 
8 1 7 2 9 7 4 8 6 7 
6 3 4 3 1 1 3 3 7 5 

Step 1:
9 5 5 9 1 8 5 8 1 2 
7 4 5 1 1 7 3 6 9 9 
8 7 6 9 8 9 6 4 1 5 
3 9 2 5 9 9 9 9 8 8 
6 5   8 2 9 1 2 7 3 
6 4   9 2 8 2 1 5 6 
6 9   7 2 6 9 8 4 2 
9 4   5 1 1 8 5 3 7 
8 1   2 9 7 4 8 6 7 
6 3 * 3 1 1 3 3 7 5 

Step 2:
9 5 5 9 1 8 5 8 1 2 
7 4 5 1 1 7 3 6 9 9 
8 7 6 9 8 9 6 4 1 5 
3 9 2 5 9 9 9 9 8 8 
6 5   8 2 9 1 2 7 3 
6 4   9 2 8 2 1 5 6 
6 9   7 2 6 9 8 4 2 
9 4   5 * 1 8 5 3 7 
8 1     9 7 4 8 6 7 
6 3   3 1 1 3 3 7 5 

Step 3:
9 5 5 9 1 8 5 8 1 2 
7 4 5 1 1 7 3 6 9 9 
8 7 6 9 8 9 6 4 1 5 
3 9 2 5 9 9 9 9 8 8 
6 5   8 2 9 1 2 7 3 
6 4   9 * 8 2 1 5 6 
6 9   7   6 9 8 4 2 
9 4   5   1 8 5 3 7 
8 1     9 7 4 8 6 7 
6 3   3 1 1 3 3 7 5 

Step 4:
9 5 5 9 1 8 5 8 1 2 
7 4 5 1 1 7 3 6 9 9 
8 7 6 9 8 9 6 4 1 5 
3 9 2 5 * 9 9 9 8 8 
6 5   8   9 1 2 7 3 
6 4   9   8 2 1 5 6 
6 9   7   6 9 8 4 2 
9 4   5   1 8 5 3 7 
8 1     9 7 4 8 6 7 
6 3   3 1 1 3 3 7 5 

