Initial Board:
7 5 5 5 2 9 2 2 8 4 
3 2 8 9 4 2 2 5 1 6 
2 7 3 7 3 3 3 3 6 8 
2 5 5 7 6 5 * 1 7 6 
6 3 4 5 7 6 8 2 1 7 
4 4 5 5 1 3 3 5 4 2 
8 7 6 8 3 3 8 8 3 6 
7 9 3 5 9 9 9 2 9 3 
1 2 5 4 9 2 4 7 9 2 
3 8 3 5 2 8 6 4 7 3 

Step 1:
7 5 5 5 2 9 * 2 8 4 
3 2 8 9 4 2   5 1 6 
2 7 3 7 3 3   3 6 8 
2 5 5 7 6 5   1 7 6 
6 3 4 5 7 6 8 2 1 7 
4 4 5 5 1 3 3 5 4 2 
8 7 6 8 3 3 8 8 3 6 
7 9 3 5 9 9 9 2 9 3 
1 2 5 4 9 2 4 7 9 2 
3 8 3 5 2 8 6 4 7 3 

Step 2:
7 5 5 5 2 9     * 4 
3 2 8 9 4 2   5 1 6 
2 7 3 7 3 3   3 6 8 
2 5 5 7 6 5   1 7 6 
6 3 4 5 7 6 8 2 1 7 
4 4 5 5 1 3 3 5 4 2 
8 7 6 8 3 3 8 8 3 6 
7 9 3 5 9 9 9 2 9 3 
1 2 5 4 9 2 4 7 9 2 
3 8 3 5 2 8 6 4 7 3 

Step 3:
7 5 5 5 2 9       4 
3 2 8 9 4 2   5 * 6 
2 7 3 7 3 3   3 6 8 
2 5 5 7 6 5   1 7 6 
6 3 4 5 7 6 8 2 1 7 
4 4 5 5 1 3 3 5 4 2 
8 7 6 8 3 3 8 8 3 6 
7 9 3 5 9 9 9 2 9 3 
1 2 5 4 9 2 4 7 9 2 
3 8 3 5 2 8 6 4 7 3 

